Episode,Steps,Agent0,Agent1,Agent2,Agent3,Agent4,Agent5,Total
1,1029,-831.6999999999916,-978.9999999999989,-992.800000000002,-1042.4000000000083,-993.4000000000101,-1042.8000000000068,-5882.100000000018
2,834,-650.5000000000008,-784.5000000000031,-773.5999999999972,-828.7000000000044,-812.7000000000044,-834.3000000000089,-4684.300000000019
3,1049,-840.4999999999941,-1027.8000000000052,-1020.8000000000051,-1060.2000000000064,-1044.8000000000086,-1045.8000000000072,-6039.900000000027
4,788,-637.3000000000001,-749.4999999999997,-742.0999999999984,-801.9000000000076,-757.1000000000059,-792.4000000000085,-4480.30000000002
5,800,-637.2000000000002,-765.1000000000004,-753.3999999999993,-796.7000000000065,-781.7000000000074,-801.3000000000045,-4535.400000000019
6,815,-649.3999999999995,-774.3999999999997,-791.7000000000057,-791.200000000003,-823.0000000000084,-808.8000000000055,-4638.500000000022
7,867,-694.799999999998,-817.9999999999982,-831.2000000000045,-849.0000000000052,-869.4000000000113,-864.6000000000062,-4927.000000000023
8,941,-767.6999999999974,-894.1999999999983,-911.4000000000015,-950.2000000000075,-939.6000000000101,-945.6000000000079,-5408.700000000023
9,956,-746.6999999999981,-924.900000000002,-921.4000000000058,-956.7000000000066,-935.500000000008,-971.6000000000113,-5456.800000000032
11,817,-647.000000000005,-758.599999999996,-782.5000000000024,-784.599999999999,-784.6000000000054,-811.3000000000053,-4568.600000000013
12,777,-628.6999999999999,-722.1999999999992,-759.1000000000041,-759.0000000000069,-762.4000000000079,-730.5000000000041,-4361.9000000000215
13,853,-697.3999999999978,-823.600000000003,-799.0999999999985,-878.800000000009,-823.0000000000044,-847.5000000000098,-4869.400000000023
14,839,-645.8999999999995,-800.6000000000016,-806.1000000000007,-819.000000000004,-808.8000000000083,-806.4000000000077,-4686.800000000022
15,826,-658.5000000000002,-790.899999999999,-817.6000000000048,-836.5000000000065,-813.1000000000085,-814.700000000009,-4731.300000000028
16,847,-656.1000000000013,-798.1999999999994,-825.2000000000055,-826.6000000000026,-829.4000000000086,-851.3000000000078,-4786.800000000026
17,833,-691.9000000000011,-785.9999999999993,-806.8000000000036,-829.0000000000039,-844.8000000000088,-826.2000000000015,-4784.700000000018
18,793,-596.1999999999995,-745.9999999999998,-774.5000000000034,-760.6000000000009,-789.0000000000108,-769.9000000000074,-4436.200000000022
19,828,-657.8000000000015,-778.5000000000001,-788.5000000000018,-813.7000000000056,-807.9000000000069,-825.9000000000043,-4672.30000000002
21,904,-719.600000000008,-838.8999999999959,-855.9000000000048,-912.5000000000059,-887.1000000000101,-918.3000000000104,-5132.300000000035
22,918,-727.7000000000003,-877.1000000000023,-880.1000000000034,-892.5000000000056,-886.100000000009,-919.5000000000078,-5183.000000000028
23,911,-715.6999999999929,-844.1999999999945,-889.2000000000037,-869.8000000000039,-906.4000000000091,-905.9000000000075,-5131.200000000012
24,921,-753.4000000000001,-868.2000000000012,-897.9000000000011,-900.2000000000078,-917.600000000009,-938.5000000000111,-5275.80000000003
25,805,-610.3000000000031,-738.3999999999977,-780.4000000000026,-786.2000000000064,-777.0000000000057,-770.5000000000064,-4462.800000000021
26,799,-620.7999999999986,-755.6000000000015,-763.9000000000034,-774.6000000000046,-753.6000000000047,-781.2000000000083,-4449.700000000021
27,892,-692.9000000000009,-847.9000000000023,-846.2999999999978,-855.700000000002,-858.3000000000043,-887.4000000000073,-4988.500000000015
28,878,-685.2000000000004,-830.5,-825.4999999999977,-885.1000000000089,-839.5000000000047,-880.7000000000083,-4946.50000000002
29,939,-765.5000000000044,-885.9999999999998,-919.400000000007,-917.8000000000037,-923.6000000000096,-930.7000000000066,-5343.000000000031
31,804,-672.499999999998,-773.3000000000009,-778.6000000000009,-788.7000000000047,-795.5000000000093,-806.4000000000084,-4615.000000000023
32,845,-689.9000000000041,-766.3999999999982,-786.700000000001,-793.0000000000034,-788.400000000004,-842.9000000000121,-4667.300000000023
33,734,-578.8000000000031,-667.6999999999971,-686.2000000000006,-704.3000000000004,-692.500000000003,-698.3000000000013,-4027.8000000000047
34,775,-650.2000000000045,-703.3999999999975,-717.600000000001,-706.399999999997,-692.0000000000045,-742.4000000000033,-4212.000000000007
35,672,-528.1000000000046,-609.2999999999959,-632.1000000000014,-609.0999999999959,-615.5000000000016,-619.8000000000017,-3613.900000000001
36,596,-454.80000000000246,-530.700000000001,-540.5000000000013,-523.4999999999959,-508.900000000001,-529.9000000000045,-3088.300000000006
37,750,-629.0000000000018,-691.0999999999976,-682.0999999999963,-722.6999999999996,-690.5000000000008,-718.500000000003,-4133.899999999999
38,579,-475.5000000000046,-526.8000000000017,-517.8999999999999,-528.1999999999985,-520.600000000003,-527.6000000000051,-3096.600000000013
39,625,-517.5000000000041,-555.799999999999,-590.700000000002,-551.5999999999942,-557.6000000000018,-538.6000000000056,-3311.8000000000065
41,695,-580.8000000000045,-651.4000000000034,-654.5000000000039,-628.8000000000002,-660.4000000000083,-646.9000000000058,-3822.8000000000256
42,667,-549.9000000000055,-595.7999999999986,-613.8999999999963,-593.5999999999968,-593.4000000000023,-633.2000000000052,-3579.8000000000047
43,655,-528.200000000004,-597.1999999999992,-578.4999999999962,-603.2000000000006,-600.2000000000029,-627.9000000000037,-3535.200000000007
44,628,-490.80000000000365,-558.2999999999986,-574.9999999999995,-557.8999999999974,-549.700000000001,-546.2000000000028,-3277.9000000000024
45,722,-624.1000000000026,-648.6999999999996,-673.4000000000028,-644.899999999997,-665.3000000000056,-666.7000000000019,-3923.1000000000095
46,625,-483.8000000000031,-563.9999999999992,-580.1000000000015,-575.4000000000008,-568.4000000000037,-585.5000000000043,-3357.2000000000126
47,540,-448.40000000000356,-480.0999999999986,-509.59999999999974,-460.6999999999966,-481.10000000000196,-481.50000000000244,-2861.400000000003
48,711,-583.1000000000062,-646.3999999999982,-684.0000000000014,-619.3999999999945,-653.0000000000015,-684.0000000000039,-3869.900000000005
49,508,-406.50000000000324,-447.09999999999906,-459.69999999999845,-445.6999999999974,-437.10000000000116,-455.300000000002,-2651.400000000001
51,628,-494.8000000000035,-558.0999999999983,-560.2999999999975,-557.6999999999991,-567.9000000000029,-568.6000000000039,-3307.4000000000055
52,535,-422.60000000000264,-469.1999999999984,-493.0000000000001,-474.8000000000005,-488.40000000000117,-475.3000000000025,-2823.300000000005
53,519,-378.60000000000156,-457.000000000001,-443.1999999999976,-440.5999999999982,-448.6000000000034,-455.50000000000193,-2623.5000000000036
54,547,-411.30000000000274,-459.19999999999726,-486.2999999999993,-470.9999999999987,-483.80000000000217,-491.10000000000366,-2802.7000000000035
55,662,-533.9000000000046,-597.1000000000003,-619.4000000000023,-593.8999999999996,-622.100000000006,-610.7000000000022,-3577.1000000000154
56,746,-650.3000000000047,-702.1000000000006,-739.4000000000059,-687.6999999999983,-722.9000000000042,-695.9000000000059,-4198.300000000019
57,971,-833.0000000000065,-916.8000000000018,-941.3000000000067,-913.0000000000035,-987.800000000014,-969.8000000000113,-5561.7000000000435
58,893,-774.2000000000057,-828.999999999999,-836.3,-836.5999999999999,-853.8000000000067,-862.4000000000046,-4992.300000000016
59,585,-457.80000000000285,-519.599999999998,-519.3999999999987,-515.1999999999975,-502.0000000000008,-514.6000000000029,-3028.6000000000004
61,684,-608.5000000000072,-642.5000000000018,-660.0000000000025,-632.5000000000001,-633.3000000000061,-661.1000000000081,-3837.900000000026
62,652,-536.2000000000052,-576.2999999999987,-608.8000000000004,-563.6999999999957,-578.1000000000038,-597.6000000000054,-3460.7000000000094
63,497,-392.70000000000374,-447.0000000000037,-435.8999999999986,-424.39999999999793,-417.8000000000018,-433.00000000000205,-2550.8000000000075
64,549,-398.70000000000323,-474.59999999999826,-485.10000000000076,-456.7999999999972,-457.4000000000002,-484.80000000000246,-2757.4000000000024
65,652,-515.5000000000044,-583.1000000000015,-597.3000000000019,-557.299999999997,-572.9000000000059,-584.1000000000072,-3410.200000000018
66,659,-498.50000000000387,-593.3999999999996,-627.3000000000017,-573.399999999995,-600.4000000000018,-610.0999999999998,-3503.100000000002
67,685,-549.7000000000036,-620.799999999997,-633.6999999999987,-624.7999999999971,-625.2000000000024,-649.3000000000022,-3703.500000000001
68,688,-590.6000000000068,-618.9000000000008,-632.9000000000004,-613.5000000000006,-639.1000000000056,-637.8000000000068,-3732.800000000021
69,792,-663.800000000005,-743.7000000000008,-738.299999999998,-757.7000000000062,-762.1000000000075,-770.400000000009,-4436.000000000026
71,685,-554.6000000000041,-648.3999999999994,-641.9999999999999,-620.5999999999975,-670.0000000000065,-646.600000000005,-3782.2000000000126
72,637,-485.7000000000033,-556.3999999999971,-585.1999999999992,-584.8000000000011,-575.8000000000009,-573.9000000000059,-3361.8000000000075
73,813,-706.1000000000053,-756.6000000000004,-795.9000000000079,-735.399999999999,-778.6000000000047,-777.7000000000039,-4550.300000000021
74,727,-617.6000000000034,-675.8000000000006,-688.7000000000036,-651.1999999999996,-655.2000000000028,-669.9000000000021,-3958.4000000000124
75,861,-698.8000000000043,-815.7999999999997,-823.199999999998,-832.0000000000028,-839.2000000000086,-868.2000000000068,-4877.20000000002
76,540,-427.90000000000424,-486.50000000000165,-492.4000000000009,-467.2999999999987,-456.4999999999993,-476.80000000000314,-2807.400000000008
77,588,-448.6000000000031,-514.8999999999992,-537.1000000000032,-527.9000000000002,-528.5000000000014,-512.1000000000038,-3069.1000000000104
78,769,-670.1000000000064,-734.8000000000013,-750.5000000000075,-720.600000000004,-729.4000000000074,-733.0000000000047,-4338.4000000000315
79,638,-536.8000000000013,-577.8999999999971,-596.7999999999971,-573.8999999999991,-561.4999999999995,-583.1000000000006,-3429.9999999999945
81,845,-708.3000000000019,-792.1999999999997,-805.7000000000025,-798.6000000000025,-793.8000000000048,-831.4000000000074,-4730.000000000019
82,1009,-900.6000000000003,-967.3999999999994,-1005.7000000000053,-956.3999999999976,-996.2000000000107,-1032.5000000000127,-5858.800000000026
83,706,-597.2000000000064,-633.4999999999989,-640.8999999999992,-631.6999999999964,-630.9000000000034,-658.7000000000054,-3792.9000000000096
84,576,-461.1000000000044,-515.2999999999981,-530.5000000000015,-508.49999999999915,-512.5000000000007,-516.6000000000037,-3044.5000000000077
85,706,-614.5000000000055,-662.9000000000024,-663.3000000000022,-658.9000000000023,-659.700000000004,-672.1999999999996,-3931.5000000000155
86,436,-343.30000000000285,-392.1000000000023,-388.99999999999943,-382.2999999999988,-372.90000000000174,-379.50000000000216,-2259.100000000007
87,819,-690.400000000007,-759.7999999999989,-788.7000000000027,-739.5999999999971,-793.400000000009,-814.2000000000061,-4586.100000000021
88,775,-630.1000000000009,-712.0000000000005,-717.3999999999997,-736.4000000000075,-736.8000000000064,-755.5000000000067,-4288.200000000022
89,659,-519.7000000000027,-600.5999999999976,-594.6999999999995,-596.3999999999977,-594.2000000000043,-603.8000000000047,-3509.4000000000065
91,698,-584.6000000000048,-634.499999999996,-655.6000000000005,-615.4999999999982,-662.1000000000022,-641.9000000000073,-3794.200000000009
92,511,-377.6000000000034,-442.59999999999985,-444.69999999999817,-444.59999999999775,-447.4000000000016,-433.8000000000019,-2590.7000000000025
93,937,-811.9000000000016,-885.5999999999987,-925.7000000000062,-883.1999999999998,-916.2000000000083,-935.200000000005,-5357.800000000019
94,818,-714.2000000000046,-764.5000000000001,-780.0999999999995,-794.3000000000064,-791.5000000000082,-765.300000000006,-4609.900000000025
95,760,-615.6,-707.4999999999998,-725.4000000000045,-727.3000000000062,-725.1000000000071,-742.0000000000066,-4242.900000000024
96,597,-495.00000000000455,-532.3999999999993,-545.9000000000027,-542.4000000000023,-530.6000000000032,-510.3000000000056,-3156.6000000000176
97,781,-662.6000000000042,-729.3999999999992,-738.899999999998,-709.5999999999974,-756.2000000000055,-767.4000000000078,-4364.100000000012
98,656,-527.900000000003,-596.2999999999984,-601.8999999999984,-600.0999999999973,-595.3000000000008,-614.1000000000049,-3535.6000000000026
99,492,-380.60000000000326,-412.69999999999845,-422.59999999999803,-414.89999999999924,-408.7000000000007,-426.00000000000443,-2465.500000000004
101,915,-815.3000000000088,-871.4000000000036,-861.0000000000016,-872.400000000004,-904.2000000000135,-928.5000000000115,-5252.800000000044
102,712,-602.5000000000048,-648.0999999999992,-662.6000000000024,-652.5000000000018,-634.5000000000034,-656.4000000000055,-3856.600000000017
103,698,-563.1000000000014,-628.0999999999985,-648.9000000000013,-643.5000000000025,-645.3000000000036,-657.4000000000057,-3786.3000000000134
104,845,-722.7000000000024,-801.8000000000022,-815.5000000000023,-795.8000000000006,-806.200000000007,-843.4000000000096,-4785.400000000024
105,569,-448.3000000000039,-498.4000000000014,-502.3999999999987,-481.7999999999964,-479.0000000000034,-528.5000000000033,-2938.400000000007
106,767,-652.5000000000059,-724.6000000000017,-718.6999999999997,-723.0000000000035,-728.6000000000072,-730.8000000000088,-4278.200000000027
107,782,-658.1000000000037,-719.0999999999984,-750.3000000000014,-724.1000000000015,-744.3000000000054,-772.0000000000045,-4367.900000000015
108,791,-708.5000000000006,-742.199999999998,-763.8000000000015,-746.7999999999994,-740.4000000000041,-759.4000000000046,-4461.100000000008
109,935,-844.8000000000047,-882.1999999999992,-895.500000000003,-909.4000000000084,-879.4000000000092,-920.300000000006,-5331.60000000003
111,796,-688.0000000000009,-739.7000000000022,-761.8000000000011,-756.1000000000028,-747.3000000000064,-770.5000000000068,-4463.40000000002
112,621,-480.20000000000226,-563.8,-573.5000000000018,-541.5999999999957,-566.2000000000041,-565.2000000000005,-3290.5000000000045
113,478,-345.70000000000306,-401.0999999999999,-411.60000000000025,-406.3000000000007,-383.1000000000034,-399.2000000000034,-2347.0000000000105
114,585,-472.0000000000041,-535.5999999999999,-562.2000000000063,-516.3999999999982,-537.4000000000058,-556.1000000000056,-3179.70000000002
115,749,-581.2000000000044,-667.7999999999989,-725.700000000005,-661.399999999996,-671.6000000000048,-679.1000000000084,-3986.8000000000175
116,716,-621.100000000005,-688.7000000000038,-671.7,-699.700000000006,-669.9000000000055,-695.3000000000058,-4046.400000000026
117,648,-521.6000000000014,-591.699999999998,-596.6999999999981,-592.1000000000004,-600.7000000000057,-589.4000000000042,-3492.2000000000075
118,755,-664.7000000000052,-707.5999999999983,-696.4999999999967,-712.1999999999995,-716.2000000000053,-729.5000000000026,-4226.700000000007
119,720,-581.5000000000031,-684.7000000000046,-677.7000000000016,-645.0999999999949,-662.5000000000038,-660.2000000000031,-3911.7000000000107
121,656,-558.4000000000053,-587.0999999999956,-628.7999999999989,-597.8999999999953,-622.5000000000031,-601.7000000000012,-3596.3999999999996
122,556,-432.90000000000344,-499.9000000000048,-481.69999999999754,-483.9000000000001,-468.70000000000306,-493.90000000000265,-2861.000000000012
123,609,-499.7000000000032,-564.4000000000005,-565.0999999999999,-537.9999999999965,-561.6000000000028,-560.600000000004,-3289.400000000007
124,655,-504.7000000000039,-587.4,-613.2000000000004,-586.1999999999997,-598.2000000000046,-614.4000000000044,-3504.100000000013
125,614,-483.00000000000415,-558.0999999999992,-557.799999999993,-560.099999999998,-533.5000000000028,-526.8000000000043,-3219.3000000000015
126,667,-572.0000000000058,-612.3999999999999,-617.5999999999993,-600.3999999999954,-612.0000000000008,-612.7000000000004,-3627.1000000000017
127,775,-668.9000000000065,-727.6000000000003,-733.3999999999982,-740.4000000000024,-734.2000000000052,-747.000000000004,-4351.500000000016
128,726,-634.5000000000049,-684.5000000000022,-672.3000000000023,-669.9000000000027,-680.9000000000073,-689.1000000000057,-4031.2000000000253
129,565,-420.80000000000337,-512.0000000000018,-514.2999999999988,-483.1999999999953,-505.60000000000116,-491.1000000000033,-2927.0000000000036
131,869,-728.0000000000072,-809.8000000000021,-828.0000000000048,-813.2000000000024,-808.8000000000086,-841.8000000000133,-4829.600000000038
132,874,-753.0000000000011,-831.5000000000047,-824.800000000004,-829.9000000000067,-815.900000000009,-840.6000000000126,-4895.700000000039
133,849,-703.8000000000052,-801.800000000001,-823.6000000000055,-802.4000000000016,-805.600000000006,-836.30000000001,-4773.500000000029
134,498,-377.2000000000032,-430.300000000002,-436.09999999999854,-414.8999999999974,-408.30000000000115,-439.40000000000276,-2506.2000000000053
135,558,-438.2000000000025,-480.49999999999807,-494.29999999999905,-486.0999999999987,-490.9000000000014,-485.4000000000019,-2875.4000000000015
136,792,-668.7999999999992,-735.0999999999993,-743.8,-757.7000000000046,-763.5000000000086,-763.2000000000038,-4432.100000000016
137,671,-583.2000000000062,-611.000000000001,-624.5999999999984,-591.3999999999951,-633.2000000000033,-628.2000000000024,-3671.6000000000067
138,521,-401.00000000000426,-443.3999999999998,-450.19999999999766,-442.9999999999993,-423.0000000000016,-441.7000000000035,-2602.300000000006
139,512,-372.20000000000334,-428.8999999999976,-451.29999999999995,-432.69999999999806,-424.9000000000006,-432.4000000000032,-2542.400000000003
141,593,-478.4000000000032,-530.1999999999977,-538.9000000000008,-526.5999999999975,-532.0000000000032,-527.2000000000035,-3133.3000000000056
142,531,-389.40000000000225,-455.2000000000001,-456.99999999999847,-439.79999999999706,-458.0000000000017,-469.2000000000031,-2668.6000000000026
143,774,-642.4000000000057,-726.1000000000037,-746.8000000000059,-714.4999999999985,-757.3000000000095,-729.0000000000088,-4316.100000000032
144,693,-601.0000000000055,-640.1999999999995,-647.3999999999995,-625.1999999999973,-671.4000000000082,-659.4000000000017,-3844.600000000012
145,737,-611.9000000000055,-665.1999999999989,-686.9999999999999,-665.1999999999964,-678.4000000000061,-688.9000000000055,-3996.6000000000126
146,743,-570.3000000000033,-676.9999999999993,-689.7000000000003,-664.1999999999973,-717.8000000000081,-733.6000000000059,-4052.600000000014
147,605,-498.10000000000485,-540.0,-546.8999999999965,-566.2000000000005,-574.0000000000035,-534.9000000000032,-3260.1000000000085
148,607,-466.5000000000031,-540.399999999999,-538.7999999999973,-532.5999999999933,-556.1999999999988,-562.500000000002,-3196.9999999999936
149,636,-502.30000000000405,-578.9000000000008,-586.4000000000021,-573.5000000000003,-591.3000000000033,-602.7000000000011,-3435.1000000000117
151,789,-665.3000000000046,-717.999999999997,-730.7999999999947,-748.0000000000043,-761.0000000000099,-786.6000000000103,-4409.700000000021
152,712,-603.9000000000068,-650.100000000001,-658.0000000000026,-651.1000000000005,-656.9000000000057,-645.200000000002,-3865.2000000000185
153,675,-581.0000000000053,-630.6000000000037,-638.3,-612.5999999999987,-642.800000000005,-620.1000000000041,-3725.400000000017
154,638,-519.8000000000042,-555.899999999995,-590.7000000000008,-576.0999999999999,-559.9000000000008,-593.3000000000006,-3395.700000000001
155,642,-559.600000000005,-588.2999999999973,-606.200000000001,-563.6999999999952,-588.1000000000031,-577.9000000000065,-3483.800000000008
156,777,-636.1000000000001,-716.7999999999993,-745.1000000000021,-705.7999999999975,-737.8000000000073,-738.0000000000056,-4279.600000000012
157,504,-378.6000000000031,-418.8999999999991,-429.49999999999784,-423.5000000000001,-402.900000000002,-417.10000000000394,-2470.500000000006
158,814,-699.3000000000048,-780.5000000000026,-789.8000000000038,-769.4999999999999,-790.9000000000063,-801.100000000007,-4631.100000000025
159,710,-551.9000000000029,-658.6999999999964,-646.3999999999975,-651.4999999999993,-658.7000000000068,-692.3000000000047,-3859.5000000000077
161,543,-425.80000000000393,-465.3999999999995,-489.7999999999972,-451.99999999999676,-459.6000000000018,-455.80000000000325,-2748.400000000003
162,646,-526.0000000000036,-579.9000000000002,-595.1000000000018,-582.7000000000022,-568.7000000000052,-597.100000000006,-3449.500000000019
163,619,-505.2000000000039,-547.8000000000005,-578.3000000000009,-554.7999999999995,-552.600000000003,-538.7000000000062,-3277.400000000014
164,752,-619.8000000000045,-696.4999999999974,-701.5999999999977,-699.8999999999942,-718.9000000000034,-737.4000000000063,-4174.100000000003
165,648,-536.3000000000033,-581.2999999999997,-582.399999999999,-590.2999999999973,-592.1000000000025,-582.900000000003,-3465.3000000000047
166,595,-469.7000000000036,-525.3999999999994,-539.6000000000021,-508.19999999999646,-543.6000000000046,-525.3000000000043,-3111.8000000000106
167,503,-371.0000000000024,-431.1999999999992,-446.79999999999757,-439.9999999999981,-434.6000000000015,-414.200000000003,-2537.8000000000015
168,880,-735.9000000000011,-802.499999999996,-858.400000000007,-806.6999999999995,-829.7000000000075,-841.2000000000063,-4874.400000000018
169,587,-448.20000000000385,-506.7999999999978,-538.9999999999985,-505.99999999999415,-507.20000000000005,-528.300000000003,-3035.4999999999973
171,679,-520.1000000000035,-593.3999999999965,-637.2000000000027,-596.1999999999966,-629.2000000000053,-603.2000000000041,-3579.3000000000084
172,641,-523.0000000000032,-571.3999999999988,-582.2000000000011,-584.3999999999994,-583.6000000000054,-598.8000000000014,-3443.4000000000096
173,580,-461.10000000000207,-504.89999999999685,-518.9999999999989,-491.09999999999684,-498.89999999999895,-514.0000000000041,-2988.9999999999977
174,610,-466.40000000000384,-558.0999999999996,-571.6000000000037,-553.1000000000031,-538.1000000000032,-552.300000000006,-3239.6000000000195
175,584,-441.80000000000285,-503.09999999999695,-517.7000000000005,-487.0999999999963,-486.699999999999,-523.5000000000045,-2959.9
176,623,-485.1000000000033,-562.7999999999993,-574.1000000000021,-550.9999999999986,-542.2000000000023,-553.9000000000057,-3269.100000000011
177,579,-444.40000000000356,-525.5999999999991,-512.4999999999968,-522.9999999999998,-532.8000000000027,-549.6000000000028,-3087.9000000000046
178,509,-386.30000000000314,-441.79999999999933,-451.0999999999977,-451.3999999999972,-422.600000000001,-449.40000000000316,-2602.6000000000013
179,668,-543.1000000000035,-611.4999999999982,-617.0000000000005,-622.9000000000038,-641.9000000000065,-608.9999999999998,-3645.4000000000124
181,806,-679.8000000000022,-754.4999999999985,-769.3999999999993,-741.4999999999993,-765.7000000000078,-788.0000000000061,-4498.900000000013
182,731,-609.3000000000014,-646.599999999996,-666.4999999999949,-648.9999999999951,-668.0000000000017,-666.2,-3905.5999999999894
183,559,-444.100000000003,-507.40000000000146,-505.09999999999997,-509.00000000000085,-501.40000000000373,-516.6000000000053,-2983.6000000000145
184,694,-567.3000000000037,-635.0999999999963,-660.6000000000049,-616.8999999999953,-663.5000000000022,-675.6000000000068,-3819.0000000000095
185,541,-428.5000000000036,-482.8000000000021,-499.3000000000041,-477.59999999999997,-470.40000000000254,-459.7000000000045,-2818.3000000000166
186,700,-577.3000000000043,-634.099999999999,-662.3000000000018,-637.4999999999984,-630.7000000000008,-637.5999999999995,-3779.5000000000036
187,657,-547.8000000000044,-582.3999999999984,-594.5000000000019,-575.7999999999969,-611.200000000006,-589.6000000000054,-3501.3000000000134
188,611,-508.60000000000497,-566.600000000003,-549.099999999998,-533.1999999999965,-569.200000000005,-574.300000000003,-3301.000000000011
189,701,-542.0000000000024,-629.7999999999987,-625.9999999999968,-616.9999999999972,-635.6000000000001,-655.3999999999983,-3705.7999999999934
191,570,-462.10000000000326,-501.2999999999976,-521.3999999999976,-500.2999999999972,-502.6999999999995,-517.9000000000021,-3005.699999999997
192,609,-513.9000000000057,-551.5999999999999,-550.4000000000002,-544.2,-543.2000000000058,-576.5000000000072,-3279.800000000019
193,790,-682.8000000000079,-733.2999999999997,-775.7000000000064,-733.7000000000011,-742.5000000000077,-756.3000000000067,-4424.300000000029
194,564,-469.60000000000446,-510.5000000000009,-510.00000000000165,-479.49999999999767,-502.3000000000039,-494.70000000000215,-2966.600000000011
195,696,-584.7000000000045,-631.1000000000001,-640.3000000000004,-614.0999999999956,-624.1000000000023,-637.4000000000026,-3731.7000000000053
196,674,-588.5000000000041,-630.4999999999999,-633.5000000000003,-624.0999999999992,-606.3000000000045,-632.5000000000065,-3715.400000000015
197,774,-653.5999999999972,-736.1000000000007,-747.6000000000032,-703.8999999999991,-744.3000000000043,-758.400000000003,-4343.900000000008
198,770,-656.1000000000046,-712.6999999999989,-731.7999999999993,-709.4999999999977,-744.1000000000093,-756.3000000000069,-4310.500000000016
199,614,-493.9000000000035,-543.5000000000007,-552.800000000001,-561.8999999999966,-559.9000000000023,-558.200000000003,-3270.200000000007
201,478,-360.0000000000033,-410.09999999999945,-404.6999999999973,-410.2999999999994,-407.1000000000011,-409.9000000000023,-2402.1000000000026
202,879,-787.0999999999983,-813.3999999999978,-844.4999999999999,-789.9999999999956,-862.4000000000079,-887.5000000000074,-4984.900000000007
203,861,-773.300000000005,-800.5999999999983,-817.4000000000007,-808.2000000000002,-862.8000000000103,-877.2000000000113,-4939.5000000000255
204,588,-448.80000000000354,-521.1000000000005,-516.9999999999989,-497.6999999999979,-507.5000000000035,-522.3000000000046,-3014.400000000009
205,563,-424.80000000000314,-521.8000000000031,-502.1999999999982,-489.399999999996,-501.00000000000193,-514.1000000000028,-2953.300000000005
206,567,-471.00000000000256,-495.5999999999999,-522.9000000000007,-484.3999999999967,-496.4000000000023,-517.7000000000048,-2988.000000000007
207,544,-438.8000000000029,-485.0999999999992,-480.6999999999996,-482.49999999999704,-481.70000000000255,-494.60000000000235,-2863.4000000000033
208,601,-476.6000000000039,-532.9999999999993,-538.399999999997,-518.1999999999973,-548.200000000004,-561.8000000000055,-3176.200000000007
209,607,-485.4000000000041,-543.9999999999992,-556.0999999999981,-541.599999999995,-555.0000000000018,-545.3000000000031,-3227.4000000000015
211,521,-407.40000000000174,-459.99999999999886,-472.90000000000066,-457.3999999999974,-464.80000000000155,-474.8000000000039,-2737.300000000004
212,554,-440.6000000000029,-501.2999999999978,-504.49999999999716,-494.2999999999993,-499.09999999999957,-486.40000000000236,-2926.199999999999
213,760,-632.5000000000041,-716.4999999999986,-716.2000000000016,-704.1000000000001,-710.3000000000038,-698.0000000000035,-4177.600000000012
214,587,-480.1000000000034,-530.200000000003,-521.1000000000016,-520.3999999999995,-500.0000000000052,-536.6000000000037,-3088.400000000016
215,544,-402.40000000000333,-482.3000000000007,-490.59999999999945,-480.099999999999,-470.3000000000009,-479.4000000000021,-2805.1000000000054
216,744,-640.2000000000052,-682.1000000000018,-700.5000000000038,-687.4999999999955,-682.900000000006,-675.700000000004,-4068.900000000016
217,493,-388.6000000000022,-447.20000000000357,-441.30000000000155,-436.6000000000012,-408.60000000000196,-428.50000000000233,-2550.8000000000125
218,687,-555.9000000000051,-642.8000000000017,-657.9000000000034,-634.4000000000018,-651.6000000000051,-628.5000000000028,-3771.1000000000195
219,719,-621.6000000000014,-657.1999999999998,-640.8999999999954,-659.1999999999992,-648.8000000000037,-676.4000000000071,-3904.1000000000067
221,679,-561.3000000000043,-623.4000000000003,-631.0999999999974,-603.7999999999994,-644.0000000000031,-634.000000000005,-3697.6000000000095
222,613,-500.20000000000584,-558.9999999999994,-552.1999999999974,-562.2000000000016,-563.6000000000059,-552.9000000000065,-3290.1000000000167
223,630,-505.40000000000447,-545.6999999999962,-590.3000000000037,-566.3000000000026,-567.5000000000005,-568.7000000000056,-3343.900000000013
224,713,-558.2000000000037,-653.3999999999985,-665.5999999999968,-663.0000000000018,-657.400000000005,-682.0000000000057,-3879.6000000000113
225,620,-481.2000000000039,-558.4999999999966,-570.5999999999979,-547.8999999999955,-537.9000000000024,-564.7000000000036,-3260.7999999999997
226,702,-595.2000000000068,-644.1000000000008,-662.0000000000048,-635.2999999999994,-657.100000000005,-654.2000000000033,-3847.90000000002
227,929,-766.5000000000014,-887.2000000000003,-902.6000000000021,-891.2000000000018,-910.2000000000086,-921.1000000000079,-5278.800000000022
228,604,-486.70000000000334,-527.0999999999985,-526.7999999999957,-548.1000000000051,-539.5000000000028,-522.5000000000061,-3150.7000000000116
229,1146,-1031.7000000000123,-1086.0999999999933,-1134.300000000011,-1097.6999999999964,-1154.9000000000017,-1177.9000000000008,-6682.600000000015
231,587,-478.40000000000435,-505.7999999999979,-529.5000000000001,-506.7999999999975,-513.3999999999987,-508.9000000000035,-3042.800000000002
232,860,-760.6000000000051,-827.5000000000025,-832.5000000000043,-832.9000000000024,-836.9000000000091,-872.3000000000106,-4962.700000000034
233,573,-447.70000000000226,-504.9999999999982,-520.8999999999993,-504.59999999999525,-509.20000000000107,-514.500000000003,-3001.8999999999996
234,706,-587.5000000000065,-651.1000000000038,-664.000000000006,-620.2999999999987,-652.5000000000065,-649.7000000000061,-3825.1000000000276
235,807,-707.5000000000045,-772.8000000000003,-779.1000000000029,-751.5999999999997,-804.8000000000113,-800.6000000000096,-4616.400000000028
236,703,-560.7000000000039,-661.8000000000017,-666.4000000000012,-633.5999999999993,-681.8000000000079,-668.8000000000076,-3873.1000000000213
237,683,-588.0000000000038,-640.5999999999987,-650.1999999999995,-616.5999999999962,-626.2000000000005,-630.8999999999999,-3752.499999999998
238,766,-647.100000000002,-691.6999999999988,-704.2999999999962,-703.699999999999,-728.300000000003,-715.4000000000069,-4190.5000000000055
239,645,-508.30000000000274,-584.9999999999984,-596.1999999999994,-600.0000000000002,-608.4000000000025,-596.3000000000029,-3494.200000000006
241,651,-523.9000000000045,-574.599999999997,-600.8000000000008,-582.5999999999981,-588.8000000000019,-629.8000000000051,-3500.5000000000073
242,517,-379.1000000000023,-443.80000000000035,-457.89999999999884,-444.3999999999976,-447.20000000000243,-455.50000000000216,-2627.9000000000037
243,522,-400.7000000000033,-436.29999999999797,-465.7000000000011,-454.300000000002,-441.1000000000017,-443.50000000000426,-2641.60000000001
244,749,-611.6000000000049,-697.0000000000024,-715.3000000000051,-678.599999999996,-702.2000000000066,-721.6000000000063,-4126.300000000021
245,580,-458.60000000000247,-497.69999999999806,-525.5000000000005,-493.0999999999969,-503.10000000000025,-494.9000000000047,-2972.900000000003
246,852,-770.7000000000062,-806.5000000000003,-810.7000000000007,-821.7000000000037,-836.9000000000099,-859.8000000000095,-4906.30000000003
247,782,-658.600000000004,-719.0999999999982,-735.9000000000004,-727.9000000000024,-712.2999999999995,-738.500000000005,-4292.30000000001
248,632,-519.700000000005,-578.0999999999971,-572.899999999997,-573.2999999999927,-584.3000000000009,-607.9999999999998,-3436.299999999993
249,643,-504.7000000000029,-573.3999999999986,-615.5000000000047,-572.8000000000011,-617.0000000000041,-571.8000000000047,-3455.200000000016
251,475,-377.7000000000034,-403.7999999999987,-427.40000000000015,-408.599999999999,-400.4000000000026,-417.20000000000323,-2435.1000000000067
252,550,-416.900000000001,-476.899999999996,-498.2000000000022,-468.69999999999783,-495.3000000000037,-492.80000000000484,-2848.800000000005
253,563,-435.90000000000305,-488.79999999999865,-512.5000000000007,-489.3999999999997,-493.8000000000036,-508.4000000000041,-2928.8000000000097
254,695,-591.3000000000055,-634.9999999999973,-655.6000000000028,-618.1999999999982,-642.8000000000021,-638.5000000000006,-3781.4000000000065
255,970,-823.3000000000085,-934.5000000000034,-930.6999999999985,-932.100000000006,-945.7000000000107,-959.7000000000091,-5526.000000000036
256,504,-372.70000000000306,-431.70000000000016,-443.9999999999984,-435.7000000000003,-427.10000000000315,-439.000000000003,-2550.2000000000085
257,723,-640.1000000000051,-664.5999999999993,-665.2999999999952,-666.999999999997,-692.4000000000071,-681.1000000000037,-4010.500000000007
258,692,-584.5000000000049,-631.5000000000018,-641.0000000000002,-621.4999999999976,-651.5000000000042,-652.6000000000047,-3782.600000000013
259,593,-457.9000000000037,-534.5999999999965,-545.199999999999,-542.1999999999973,-541.4000000000012,-553.7000000000029,-3175.0000000000014
261,656,-524.8000000000031,-583.8999999999985,-613.800000000003,-571.8999999999969,-623.7000000000078,-617.5000000000042,-3535.6000000000136
262,669,-540.1000000000042,-612.8000000000013,-617.5000000000009,-612.4000000000034,-601.000000000005,-613.9000000000055,-3597.7000000000203
263,630,-489.2000000000034,-555.0999999999977,-568.4999999999977,-571.6999999999974,-577.4999999999995,-579.8000000000029,-3341.799999999999
264,716,-598.7000000000045,-658.8999999999979,-685.9000000000042,-674.6999999999996,-675.100000000004,-669.8999999999986,-3963.200000000009
265,668,-540.9000000000024,-617.9000000000003,-621.100000000001,-608.6999999999994,-627.300000000005,-628.8000000000061,-3644.700000000014
266,693,-572.7000000000023,-654.6000000000023,-658.4000000000052,-664.6000000000035,-663.4000000000078,-673.9000000000088,-3887.60000000003
267,709,-575.8000000000053,-641.5999999999992,-673.3000000000027,-646.3999999999985,-642.8000000000028,-653.5000000000022,-3833.400000000011
268,891,-753.400000000005,-833.4,-864.700000000008,-835.6000000000009,-866.2000000000093,-879.200000000009,-5032.500000000032
269,816,-700.7000000000027,-748.6999999999963,-768.2000000000018,-763.9000000000004,-783.9000000000074,-778.900000000008,-4544.300000000017
271,619,-528.0000000000043,-578.0000000000018,-563.8999999999982,-583.0000000000028,-559.4000000000029,-546.6000000000035,-3358.9000000000133
272,884,-709.400000000003,-838.300000000003,-840.3000000000028,-832.5000000000016,-840.7000000000074,-885.9000000000103,-4947.100000000029
273,899,-783.2000000000088,-839.7999999999982,-868.6000000000023,-877.8000000000046,-896.4000000000098,-874.5000000000075,-5140.300000000031
274,638,-529.6000000000048,-588.2999999999993,-587.8999999999992,-566.4999999999956,-585.1000000000024,-592.3000000000019,-3449.7000000000035
275,752,-622.700000000003,-714.0999999999997,-701.399999999995,-710.4999999999982,-716.5000000000035,-736.6999999999998,-4201.9
276,641,-513.2000000000045,-573.8000000000005,-583.3000000000014,-568.1999999999978,-586.000000000003,-590.3000000000035,-3414.8000000000106
277,537,-414.90000000000225,-479.0000000000007,-473.7999999999972,-457.7999999999972,-474.6000000000032,-489.9000000000028,-2790.0000000000036
278,810,-702.5000000000076,-738.5,-761.1000000000041,-753.3000000000047,-767.700000000005,-779.1000000000088,-4502.20000000003
279,608,-483.40000000000254,-549.4999999999989,-555.7000000000008,-523.0999999999982,-545.3000000000047,-519.7000000000057,-3176.7000000000107
281,616,-499.40000000000526,-549.5000000000016,-568.9000000000005,-535.2999999999971,-548.900000000007,-554.8000000000062,-3256.8000000000175
282,676,-546.1000000000043,-602.299999999999,-632.2000000000057,-610.699999999998,-608.1000000000064,-618.2000000000045,-3617.6000000000176
283,591,-487.5000000000047,-513.1999999999986,-544.4000000000009,-495.799999999996,-512.6000000000022,-509.80000000000416,-3063.3000000000065
284,517,-388.00000000000307,-451.4000000000019,-459.1999999999996,-433.3999999999975,-415.99999999999955,-454.6000000000041,-2602.6000000000054
285,610,-488.100000000004,-559.8999999999985,-568.2999999999997,-564.8999999999972,-583.3000000000046,-576.0000000000019,-3340.500000000006
286,468,-356.8000000000026,-398.70000000000033,-412.2999999999995,-400.09999999999974,-381.10000000000105,-389.0000000000025,-2338.0000000000055
287,693,-594.2000000000045,-637.199999999999,-632.0999999999952,-636.7999999999989,-618.0000000000016,-666.3000000000012,-3784.6000000000004
288,787,-660.7000000000045,-723.199999999997,-733.5000000000005,-728.9999999999992,-732.8000000000059,-745.6000000000066,-4324.800000000014
289,569,-442.8000000000032,-502.99999999999926,-523.8000000000003,-511.19999999999817,-501.9999999999999,-514.8000000000022,-2997.600000000003
291,710,-589.4000000000004,-657.4999999999999,-671.1000000000014,-651.6999999999974,-693.5000000000069,-707.3000000000065,-3970.5000000000127
292,656,-526.3000000000044,-593.4999999999992,-606.7000000000035,-611.9000000000054,-628.7000000000048,-597.3999999999997,-3564.500000000017
293,705,-576.2000000000046,-632.6000000000001,-650.8000000000021,-609.7999999999973,-635.8000000000056,-632.5000000000033,-3737.700000000013
294,463,-378.2000000000036,-411.2000000000028,-401.8999999999986,-397.8000000000004,-392.0000000000013,-405.20000000000164,-2386.3000000000084
295,480,-363.9000000000025,-420.70000000000005,-416.39999999999964,-402.8999999999993,-409.900000000002,-405.6000000000024,-2419.400000000006
296,564,-462.000000000003,-494.69999999999953,-512.0000000000019,-492.29999999999586,-483.5000000000012,-474.10000000000446,-2918.600000000006
297,455,-344.50000000000335,-398.80000000000234,-379.9999999999978,-394.0000000000003,-366.0000000000019,-395.90000000000225,-2279.2000000000075
298,898,-785.3000000000042,-862.499999999999,-872.4000000000015,-876.7000000000022,-895.900000000007,-894.0000000000051,-5186.800000000019
299,568,-434.30000000000246,-482.2999999999983,-509.50000000000307,-485.499999999998,-479.10000000000247,-491.4000000000032,-2882.1000000000076
301,585,-455.100000000004,-527.8000000000001,-530.2999999999959,-513.9999999999978,-523.8000000000018,-526.400000000003,-3077.4000000000024
302,615,-486.3000000000027,-550.3999999999997,-568.6000000000033,-550.9999999999986,-587.0000000000064,-575.0000000000063,-3318.3000000000175
303,729,-619.5000000000053,-657.9999999999991,-670.7000000000006,-626.9999999999943,-657.8000000000072,-708.4000000000091,-3941.4000000000165
304,479,-352.1000000000022,-417.60000000000076,-425.70000000000095,-401.39999999999867,-382.4000000000028,-399.30000000000246,-2378.500000000008
305,774,-655.0000000000035,-731.0999999999988,-743.8000000000033,-727.6999999999979,-765.1000000000058,-749.5000000000003,-4372.20000000001
306,437,-326.8000000000022,-386.5999999999993,-388.4999999999983,-378.40000000000055,-376.0000000000015,-360.00000000000284,-2216.3000000000043
307,507,-371.6000000000023,-434.00000000000006,-436.6999999999974,-417.9999999999981,-427.6000000000018,-426.9000000000011,-2514.8000000000006
308,622,-493.3000000000028,-560.9000000000002,-581.3000000000015,-562.3000000000026,-583.7000000000057,-566.0000000000024,-3347.500000000015
309,607,-499.8000000000038,-569.800000000001,-554.7999999999992,-557.3999999999993,-541.2000000000028,-572.9000000000041,-3295.9000000000106
311,574,-446.10000000000326,-517.699999999999,-516.7999999999973,-507.6999999999985,-533.1000000000041,-531.9000000000021,-3053.300000000004
312,722,-584.8000000000051,-653.8999999999987,-685.2000000000025,-655.4999999999993,-677.5000000000031,-664.8000000000063,-3921.7000000000153
313,658,-532.7000000000029,-590.1000000000015,-605.1000000000033,-577.6999999999975,-591.7000000000056,-582.8000000000058,-3480.1000000000163
314,560,-452.2000000000044,-506.70000000000084,-519.3999999999987,-492.699999999996,-492.30000000000257,-503.3000000000018,-2966.600000000004
315,868,-737.3000000000018,-797.299999999999,-846.4000000000057,-812.7000000000002,-847.7000000000077,-840.8000000000055,-4882.20000000002
316,523,-427.5000000000037,-479.5999999999994,-462.6999999999983,-478.99999999999835,-464.6000000000029,-464.40000000000185,-2777.8000000000047
317,588,-470.6000000000045,-543.5000000000022,-540.3000000000013,-508.69999999999595,-515.3,-518.8000000000039,-3097.200000000008
318,700,-601.1000000000056,-649.4999999999997,-664.0000000000005,-640.0999999999981,-643.1000000000033,-639.5000000000031,-3837.3000000000106
319,825,-703.6000000000045,-768.1999999999992,-772.0999999999979,-780.2000000000021,-827.2000000000098,-822.6000000000091,-4673.900000000022
321,591,-469.0000000000032,-538.8000000000005,-533.7000000000005,-528.4000000000004,-541.2000000000054,-558.5000000000053,-3169.6000000000154
322,702,-597.6000000000054,-642.4999999999987,-682.2000000000049,-648.7000000000007,-678.5000000000072,-672.300000000007,-3921.800000000024
323,567,-418.30000000000194,-496.2000000000007,-492.3000000000014,-477.19999999999663,-476.40000000000305,-487.8000000000051,-2848.200000000009
324,855,-715.5000000000049,-819.0000000000016,-815.7000000000004,-804.7999999999985,-831.6000000000099,-838.2000000000072,-4824.800000000022
325,554,-423.300000000004,-473.6999999999992,-490.8000000000002,-467.8999999999967,-463.3000000000022,-470.30000000000484,-2789.300000000007
326,755,-617.8000000000065,-685.5999999999996,-696.5999999999981,-686.3999999999984,-690.8000000000033,-690.2000000000022,-4067.400000000008
327,824,-703.1000000000048,-763.299999999999,-765.6999999999998,-765.4999999999986,-795.500000000008,-793.4000000000106,-4586.500000000021
328,640,-519.500000000004,-574.3000000000003,-583.5999999999984,-581.1,-594.5000000000044,-584.4000000000015,-3437.4000000000087
329,692,-610.7000000000056,-631.4999999999992,-642.9000000000004,-620.8999999999961,-637.5000000000052,-665.1000000000063,-3808.6000000000126
331,644,-547.600000000005,-603.5000000000015,-607.2000000000005,-587.0999999999976,-584.7000000000039,-597.8000000000012,-3527.9000000000096
332,815,-681.5000000000028,-753.9999999999994,-774.9000000000037,-756.7999999999996,-780.8000000000046,-766.6000000000009,-4514.600000000011
333,645,-518.8000000000035,-569.7999999999962,-595.8999999999991,-570.5999999999991,-606.6000000000042,-578.2000000000025,-3439.900000000004
334,535,-406.20000000000215,-477.4000000000015,-481.3,-470.19999999999726,-454.1999999999993,-439.0000000000036,-2728.300000000004
335,702,-578.4000000000036,-626.499999999998,-633.3999999999943,-633.9000000000005,-643.9000000000062,-670.2000000000044,-3786.3000000000065
336,474,-340.9000000000027,-401.5000000000009,-411.0999999999981,-399.8999999999993,-378.9000000000033,-366.00000000000256,-2298.300000000007
337,565,-405.40000000000197,-483.3999999999987,-500.9999999999993,-489.3999999999993,-474.00000000000216,-488.5000000000034,-2841.7000000000053
338,581,-439.4000000000034,-517.6000000000004,-522.3999999999971,-505.9999999999954,-497.0000000000015,-509.3000000000037,-2991.7000000000016
339,810,-680.4000000000024,-769.9000000000004,-777.5000000000023,-759.8999999999992,-790.5000000000078,-806.7000000000086,-4584.900000000021
341,667,-551.6000000000042,-604.1999999999977,-606.699999999998,-612.9999999999994,-612.8000000000059,-628.6000000000059,-3616.9000000000115
342,727,-563.8000000000045,-658.7999999999982,-688.0000000000018,-667.5999999999954,-682.8000000000028,-688.8000000000013,-3949.800000000004
343,564,-447.10000000000315,-498.09999999999883,-511.4999999999991,-486.6999999999972,-508.10000000000264,-512.3000000000019,-2963.800000000003
344,636,-534.7000000000039,-576.9000000000024,-580.1000000000018,-588.1000000000034,-569.7000000000069,-614.8000000000076,-3464.3000000000256
345,575,-461.600000000004,-510.80000000000155,-511.3999999999983,-504.4000000000002,-504.20000000000203,-518.1000000000045,-3010.5000000000105
346,700,-575.600000000005,-641.5000000000027,-656.0000000000017,-629.1000000000006,-620.9000000000045,-651.2000000000046,-3774.3000000000193
347,833,-699.6000000000067,-789.2000000000044,-801.100000000005,-749.9999999999955,-803.2000000000085,-805.9000000000068,-4649.000000000026
348,796,-677.6000000000023,-739.2999999999977,-752.6000000000001,-726.6999999999965,-745.3000000000061,-764.4000000000019,-4405.900000000005
349,699,-588.400000000001,-651.4000000000016,-669.5000000000028,-637.9999999999999,-661.4000000000063,-666.800000000008,-3875.5000000000196
351,706,-589.4000000000044,-648.4999999999984,-658.799999999998,-628.2999999999971,-676.9000000000059,-691.9000000000062,-3893.80000000001
352,563,-433.4000000000022,-493.40000000000015,-513.9000000000009,-485.1999999999966,-493.000000000002,-505.7000000000038,-2924.600000000006
353,696,-560.4000000000017,-637.899999999998,-637.7999999999992,-632.7000000000003,-642.1000000000058,-642.9000000000067,-3753.800000000012
354,523,-406.0000000000026,-475.2000000000022,-463.79999999999666,-467.9999999999999,-463.20000000000283,-470.4000000000024,-2746.6000000000067
355,799,-683.7000000000038,-753.5999999999997,-763.9000000000027,-731.5999999999968,-743.4000000000062,-758.7000000000086,-4434.900000000018
356,513,-398.20000000000283,-462.60000000000076,-458.69999999999743,-439.39999999999884,-427.5999999999999,-445.50000000000273,-2632.0000000000023
357,502,-384.40000000000316,-428.69999999999885,-433.59999999999894,-425.29999999999745,-406.1000000000004,-448.90000000000305,-2527.000000000002
358,582,-458.3000000000032,-524.6999999999981,-522.9999999999981,-530.899999999999,-529.9000000000026,-541.6000000000041,-3108.400000000005
359,491,-360.80000000000217,-420.6000000000003,-415.7999999999978,-409.19999999999834,-390.800000000002,-411.80000000000206,-2409.0000000000027
361,602,-485.9000000000033,-544.6999999999985,-552.2999999999989,-546.8999999999983,-545.1000000000032,-562.2000000000066,-3237.1000000000085
362,644,-496.6000000000026,-580.9000000000001,-593.1000000000008,-579.6999999999988,-602.9000000000054,-602.7000000000073,-3455.900000000015
363,573,-460.300000000003,-520.4000000000021,-521.9999999999986,-499.19999999999675,-511.8000000000009,-515.4000000000016,-3029.100000000003
364,685,-595.0000000000068,-638.0000000000006,-646.600000000002,-612.5999999999954,-640.400000000006,-672.7000000000069,-3805.3000000000175
365,712,-570.600000000004,-659.8999999999994,-686.7000000000041,-657.100000000001,-661.5000000000052,-677.1000000000067,-3912.9000000000206
366,694,-557.5000000000036,-615.8999999999995,-633.4999999999992,-614.6999999999973,-621.1000000000022,-648.7000000000048,-3691.4000000000065
367,767,-651.0000000000033,-695.9999999999998,-732.000000000004,-688.1999999999967,-718.2000000000069,-711.7000000000047,-4197.100000000015
368,657,-525.8000000000042,-579.1999999999987,-592.2000000000005,-559.5999999999951,-606.2000000000031,-608.500000000005,-3471.5000000000064
369,587,-453.7000000000032,-530.3999999999982,-554.0000000000006,-499.59999999999604,-524.0000000000001,-524.9000000000026,-3086.6000000000004
371,605,-499.7000000000037,-542.1999999999992,-546.3000000000003,-545.4000000000002,-535.2000000000043,-564.5000000000057,-3233.300000000013
372,753,-651.9000000000066,-705.4000000000004,-709.0999999999989,-695.4000000000021,-713.8000000000047,-731.8000000000037,-4207.400000000017
373,636,-526.4000000000035,-558.0999999999975,-567.6999999999973,-560.8999999999991,-563.1000000000006,-582.600000000005,-3358.800000000003
374,561,-430.800000000003,-495.6000000000005,-498.3999999999994,-485.5999999999996,-475.200000000002,-505.0000000000048,-2890.6000000000095
375,562,-422.4000000000024,-481.8999999999986,-501.3999999999976,-486.1000000000011,-465.9000000000017,-491.20000000000533,-2848.900000000007
376,486,-346.60000000000264,-408.9000000000002,-422.5999999999978,-406.49999999999807,-391.10000000000093,-402.4000000000026,-2378.100000000002
377,647,-576.000000000006,-583.600000000002,-607.1000000000028,-571.7999999999985,-573.4000000000025,-579.600000000007,-3491.500000000018
378,685,-580.8000000000044,-619.9999999999993,-623.5999999999985,-605.9999999999989,-610.6000000000045,-640.5000000000083,-3681.500000000014
379,841,-701.0000000000069,-786.4000000000042,-795.900000000001,-772.6000000000033,-791.6000000000114,-802.3000000000106,-4649.8000000000375
381,563,-423.4000000000034,-505.60000000000343,-499.2999999999987,-496.19999999999914,-494.40000000000373,-507.80000000000445,-2926.700000000013
382,661,-550.7000000000038,-589.9999999999969,-617.2000000000019,-598.3999999999996,-605.4000000000027,-609.4000000000021,-3571.1000000000067
383,619,-508.40000000000475,-573.8000000000022,-575.0,-546.5999999999987,-555.8000000000018,-565.0000000000045,-3324.600000000012
384,660,-544.0000000000034,-597.2999999999987,-619.8000000000018,-588.0999999999954,-605.9000000000017,-615.1000000000042,-3570.2000000000044
385,587,-480.7000000000041,-521.8000000000001,-530.4000000000018,-521.0000000000002,-512.8000000000039,-525.3000000000056,-3092.0000000000155
386,810,-649.0000000000034,-743.9000000000003,-782.1000000000041,-743.6999999999999,-792.1000000000092,-781.0000000000077,-4491.800000000025
387,784,-676.5000000000059,-732.9000000000041,-745.1000000000038,-736.3000000000052,-733.9000000000093,-767.0000000000106,-4391.700000000039
388,529,-400.50000000000324,-474.00000000000216,-466.49999999999983,-464.79999999999967,-455.600000000003,-472.4000000000047,-2733.8000000000125
389,665,-536.1000000000032,-596.6000000000015,-621.1000000000037,-602.0000000000002,-591.6000000000043,-603.100000000001,-3550.5000000000136
391,677,-587.0000000000055,-620.3999999999979,-642.2999999999997,-612.7999999999945,-628.6000000000046,-614.6000000000073,-3705.700000000009
392,581,-427.60000000000264,-500.80000000000007,-520.1000000000004,-516.4000000000004,-505.60000000000355,-503.7000000000045,-2974.2000000000116
393,735,-637.1000000000043,-683.600000000001,-702.5000000000022,-683.9999999999981,-688.8000000000067,-695.9000000000079,-4091.90000000002
394,615,-479.4000000000032,-538.5999999999985,-559.2999999999979,-537.9999999999973,-557.6000000000033,-547.6000000000042,-3220.5000000000045
395,698,-553.2000000000033,-620.4999999999992,-661.2000000000035,-632.4999999999994,-664.9000000000037,-659.3000000000084,-3791.6000000000176
396,706,-596.4000000000053,-666.700000000003,-672.8000000000045,-655.9000000000012,-693.7000000000075,-667.8000000000076,-3953.300000000029
397,553,-455.4000000000048,-501.0000000000004,-498.29999999999865,-487.3999999999992,-501.60000000000366,-503.20000000000346,-2946.90000000001
398,496,-387.0000000000036,-421.5000000000001,-444.70000000000005,-417.69999999999817,-405.5000000000015,-414.1000000000028,-2490.500000000006
399,535,-387.5000000000019,-460.8000000000003,-475.99999999999903,-461.39999999999975,-473.8000000000022,-467.40000000000356,-2726.9000000000074
401,687,-593.1000000000063,-648.400000000004,-627.1999999999983,-601.9999999999969,-614.8000000000037,-636.9000000000023,-3722.4000000000115
402,736,-621.4000000000067,-671.499999999998,-683.3999999999986,-664.6999999999997,-702.7000000000062,-719.3000000000045,-4063.0000000000136
403,796,-664.3000000000015,-732.2999999999997,-741.8999999999993,-749.4999999999993,-769.3000000000072,-796.1000000000075,-4453.400000000015
404,607,-455.4000000000021,-536.8000000000011,-530.8999999999976,-513.5999999999981,-509.3999999999994,-537.3000000000037,-3083.4000000000024
405,957,-883.8000000000076,-897.3999999999975,-939.8000000000042,-899.7999999999988,-965.8000000000114,-938.3000000000045,-5524.900000000024
406,587,-468.7000000000035,-517.8000000000001,-535.999999999999,-518.5999999999981,-511.40000000000117,-515.5000000000043,-3068.0000000000064
407,744,-613.1000000000028,-675.2999999999975,-722.2000000000012,-712.300000000001,-721.3000000000076,-723.5000000000055,-4167.700000000015
408,726,-552.7000000000004,-661.5000000000006,-669.0000000000041,-649.8999999999984,-683.7000000000079,-698.5000000000045,-3915.300000000016
409,639,-490.90000000000293,-578.5999999999981,-576.6999999999971,-587.1999999999995,-581.2000000000011,-617.000000000004,-3431.6000000000026
411,667,-568.2000000000006,-625.0000000000014,-618.1999999999974,-606.7999999999979,-616.200000000004,-608.4000000000042,-3642.8000000000056
412,961,-802.0000000000083,-890.400000000001,-913.8000000000055,-940.4000000000063,-925.400000000014,-983.0000000000157,-5455.000000000051
413,530,-391.80000000000365,-461.8999999999997,-468.6999999999994,-454.69999999999834,-454.6999999999998,-477.600000000004,-2709.400000000005
414,858,-740.5000000000065,-795.2999999999946,-796.4999999999968,-820.900000000002,-837.500000000006,-828.100000000008,-4818.800000000014
415,793,-678.0000000000039,-742.9999999999999,-743.0000000000015,-702.1999999999939,-777.4000000000075,-774.3000000000036,-4417.90000000001
416,510,-369.4000000000026,-435.3000000000018,-454.5000000000001,-430.0999999999983,-404.70000000000095,-438.1000000000036,-2532.100000000007
417,554,-460.7000000000024,-492.49999999999955,-513.3000000000008,-507.90000000000254,-507.7000000000037,-502.8000000000042,-2984.9000000000133
418,569,-427.30000000000183,-513.6000000000003,-530.0000000000016,-525.4000000000005,-528.4000000000034,-500.90000000000407,-3025.6000000000117
419,759,-622.900000000005,-682.9999999999984,-708.899999999999,-688.199999999997,-723.2000000000055,-718.2000000000079,-4144.400000000012
421,569,-443.3000000000039,-516.4000000000019,-514.1000000000004,-507.3999999999999,-491.6000000000022,-497.7000000000044,-2970.5000000000127
422,792,-693.9000000000058,-748.1000000000013,-749.900000000002,-745.0999999999945,-752.3000000000047,-750.0000000000047,-4439.300000000013
423,621,-479.70000000000164,-556.0000000000001,-571.3999999999999,-566.8000000000027,-588.000000000004,-573.8000000000061,-3335.7000000000144
424,721,-597.1000000000026,-667.4000000000015,-668.7999999999987,-649.9999999999978,-673.400000000002,-670.2000000000003,-3926.900000000003
425,691,-576.9000000000028,-642.4000000000011,-642.0999999999993,-601.199999999994,-619.2000000000037,-634.3000000000021,-3716.100000000003
426,527,-393.20000000000294,-462.00000000000125,-459.09999999999934,-444.7999999999987,-451.0000000000011,-459.90000000000276,-2670.000000000006
427,694,-554.7000000000047,-629.4999999999993,-665.2000000000043,-632.2999999999992,-649.7000000000048,-651.2000000000057,-3782.600000000018
428,622,-503.00000000000364,-554.0999999999995,-576.4000000000007,-538.6999999999947,-560.9000000000009,-567.0000000000055,-3300.100000000005
429,723,-595.4000000000058,-661.5999999999966,-672.0999999999989,-674.000000000001,-678.200000000005,-673.3000000000006,-3954.600000000008
431,700,-603.9000000000066,-656.5000000000022,-650.7000000000016,-633.9000000000004,-660.5000000000077,-652.9000000000068,-3858.4000000000256
432,687,-571.6000000000053,-617.5999999999964,-668.6000000000021,-632.9999999999982,-671.2000000000072,-657.8000000000006,-3819.8000000000097
433,511,-401.6000000000017,-444.7999999999996,-459.699999999998,-453.5999999999999,-441.4000000000019,-444.10000000000406,-2645.2000000000053
434,610,-508.10000000000485,-575.3000000000015,-577.0000000000001,-542.2999999999968,-558.1000000000034,-562.4000000000007,-3323.2000000000075
435,813,-705.3000000000001,-765.200000000002,-782.9000000000004,-739.1999999999988,-782.200000000009,-793.9000000000073,-4568.700000000017
436,477,-362.3000000000024,-426.8000000000022,-425.199999999999,-417.9999999999973,-404.0000000000023,-411.80000000000285,-2448.1000000000063
437,586,-513.9000000000042,-540.8999999999988,-545.9000000000013,-529.6999999999983,-561.700000000006,-552.3000000000039,-3244.4000000000124
438,804,-664.7000000000023,-745.5000000000007,-757.6999999999989,-743.6999999999999,-746.100000000003,-792.4000000000053,-4450.10000000001
439,632,-500.90000000000475,-550.2999999999993,-583.700000000001,-571.7000000000025,-556.1000000000041,-571.0000000000045,-3333.700000000016
441,491,-377.20000000000357,-442.0000000000015,-444.49999999999966,-427.3999999999999,-426.4000000000021,-446.500000000003,-2564.00000000001
442,791,-658.5000000000043,-737.0000000000014,-742.5000000000017,-735.4000000000013,-752.2000000000075,-778.3000000000093,-4403.900000000025
443,634,-487.90000000000396,-572.3000000000021,-567.4999999999961,-562.4999999999987,-545.3000000000004,-579.1000000000046,-3314.6000000000063
444,698,-550.8000000000033,-615.2999999999955,-668.6000000000022,-612.2999999999973,-625.1000000000039,-639.6000000000059,-3711.700000000008
445,630,-531.4000000000049,-576.4999999999997,-587.6000000000025,-576.2999999999977,-577.5000000000035,-576.0000000000023,-3425.3000000000106
446,489,-381.50000000000364,-428.0000000000029,-428.99999999999864,-413.79999999999944,-391.8000000000007,-408.90000000000396,-2453.000000000009
447,523,-400.7000000000034,-463.80000000000246,-452.19999999999857,-446.5999999999985,-425.8000000000001,-456.00000000000296,-2645.100000000006
448,889,-774.1999999999972,-858.4000000000004,-880.1000000000045,-836.7999999999957,-885.8000000000085,-868.0000000000031,-5103.300000000009
449,537,-415.4000000000044,-475.0000000000023,-479.29999999999774,-466.59999999999917,-462.8,-469.70000000000346,-2768.800000000007
451,479,-378.4000000000022,-419.8,-424.50000000000136,-414.20000000000084,-392.2000000000033,-403.600000000002,-2432.7000000000094
452,649,-541.9000000000052,-594.8000000000002,-581.599999999998,-577.7999999999973,-589.200000000004,-609.8000000000059,-3495.1000000000104
453,781,-679.3000000000051,-724.800000000004,-756.5000000000032,-704.999999999998,-754.8000000000106,-719.6000000000048,-4340.0000000000255
454,725,-612.5000000000061,-688.2000000000007,-689.0000000000001,-671.9999999999985,-681.8000000000056,-702.9000000000037,-4046.400000000015
455,515,-414.1000000000024,-441.9999999999963,-457.3999999999987,-452.79999999999944,-454.0000000000007,-450.70000000000283,-2671.0000000000005
456,525,-420.0000000000039,-455.80000000000075,-468.70000000000016,-452.3999999999998,-449.8000000000033,-465.50000000000296,-2712.2000000000107
457,825,-738.9000000000087,-788.000000000003,-781.000000000001,-771.8000000000029,-794.6000000000081,-783.6000000000064,-4657.900000000031
458,751,-633.9000000000066,-701.6000000000009,-708.2000000000012,-693.3999999999986,-734.4000000000077,-717.4000000000063,-4188.9000000000215
459,548,-414.3000000000022,-475.89999999999924,-481.29999999999814,-462.49999999999767,-472.7000000000015,-469.3000000000042,-2776.000000000003
461,670,-564.1000000000063,-619.5000000000007,-614.7000000000025,-606.6999999999971,-586.9000000000023,-595.500000000003,-3587.4000000000115
462,525,-396.5000000000039,-464.2000000000037,-457.0999999999977,-441.39999999999765,-436.60000000000343,-462.10000000000167,-2657.900000000008
463,634,-501.9000000000017,-564.2999999999954,-581.9999999999995,-565.2999999999962,-548.5000000000042,-577.1000000000051,-3339.100000000002
464,840,-699.6000000000079,-774.3000000000006,-815.0000000000043,-770.300000000001,-788.3000000000084,-790.400000000007,-4637.90000000003
465,641,-517.7000000000046,-575.200000000002,-569.5999999999999,-583.6000000000006,-568.2000000000054,-601.9000000000054,-3416.2000000000176
466,557,-450.20000000000493,-493.40000000000174,-491.30000000000086,-468.5999999999971,-459.80000000000337,-507.500000000006,-2870.8000000000143
467,681,-550.0000000000048,-615.5999999999991,-635.400000000002,-601.3999999999967,-614.0000000000045,-650.9000000000043,-3667.300000000011
468,573,-468.9000000000053,-517.4000000000036,-501.99999999999824,-499.5999999999983,-503.6000000000041,-508.40000000000424,-2999.9000000000137
469,512,-402.0000000000044,-434.6999999999995,-442.8999999999994,-442.49999999999994,-414.3000000000024,-434.80000000000274,-2571.2000000000085
471,655,-535.9000000000034,-583.1999999999986,-609.2000000000003,-568.1999999999963,-622.200000000004,-596.7000000000068,-3515.400000000009
472,645,-519.9000000000043,-599.1999999999996,-608.1000000000009,-596.8000000000003,-624.0000000000074,-622.300000000005,-3570.3000000000175
473,535,-427.00000000000364,-465.59999999999803,-482.30000000000115,-465.199999999998,-459.6000000000032,-498.30000000000337,-2798.0000000000073
474,702,-596.600000000004,-639.900000000002,-645.9999999999991,-642.5000000000007,-644.5000000000042,-647.2000000000005,-3816.70000000001
475,916,-787.7000000000073,-890.5000000000015,-874.6000000000031,-845.2999999999937,-920.1000000000122,-930.4000000000098,-5248.600000000028
476,938,-797.4000000000046,-882.9000000000003,-920.7000000000045,-911.7000000000052,-942.9000000000107,-931.7000000000088,-5387.300000000035
477,588,-492.8000000000048,-537.099999999998,-535.3999999999986,-522.0999999999987,-533.1000000000037,-553.5000000000059,-3174.0000000000095
478,825,-728.9000000000043,-796.600000000006,-786.4000000000026,-781.8000000000035,-783.0000000000064,-802.8000000000052,-4679.500000000028
479,771,-668.8000000000047,-714.6,-735.4000000000017,-686.599999999993,-724.8000000000036,-738.9000000000057,-4269.1000000000095
481,776,-633.300000000002,-715.6999999999975,-715.999999999998,-722.8999999999987,-737.5000000000056,-750.6000000000033,-4276.000000000005
482,837,-699.3000000000062,-783.4,-798.0000000000019,-810.200000000005,-778.0000000000024,-789.7000000000052,-4658.60000000002
483,650,-560.3000000000053,-591.3000000000015,-600.5000000000024,-571.8999999999979,-587.9000000000051,-594.200000000005,-3506.1000000000167
484,503,-386.70000000000306,-435.6000000000003,-452.1999999999993,-427.19999999999794,-442.20000000000186,-447.4000000000028,-2591.300000000005
485,724,-578.500000000005,-652.3000000000015,-669.1000000000005,-652.3000000000021,-655.1000000000071,-677.100000000007,-3884.4000000000233
486,631,-504.10000000000383,-548.6000000000001,-582.500000000001,-530.5999999999967,-540.2000000000023,-567.0000000000052,-3273.000000000009
487,837,-724.1000000000067,-762.4000000000002,-785.100000000002,-790.2000000000039,-795.8000000000086,-821.1000000000116,-4678.700000000033
488,569,-456.30000000000416,-510.79999999999956,-529.0000000000018,-502.599999999998,-522.2000000000039,-526.4000000000038,-3047.300000000011
489,807,-685.0999999999979,-766.4000000000033,-781.2000000000055,-748.7999999999995,-747.2000000000038,-779.6000000000042,-4508.300000000015
491,546,-414.9000000000038,-479.0999999999998,-481.09999999999775,-471.09999999999883,-465.70000000000016,-477.80000000000456,-2789.700000000005
492,658,-547.2000000000047,-586.2999999999948,-590.9999999999968,-598.2999999999996,-585.6999999999999,-595.4000000000035,-3503.8999999999996
493,659,-539.3000000000042,-594.7999999999997,-609.7000000000025,-601.0,-617.4000000000073,-597.7000000000049,-3559.9000000000187
494,764,-642.1000000000048,-700.2999999999971,-720.4999999999994,-716.0999999999989,-719.5000000000064,-720.7000000000078,-4219.200000000014
495,625,-477.4000000000022,-579.3999999999992,-579.6000000000006,-551.3999999999962,-576.6000000000035,-593.5000000000061,-3357.900000000008
496,740,-607.4000000000034,-680.8999999999995,-689.8000000000015,-670.6999999999982,-689.7000000000056,-702.5000000000045,-4041.000000000013
497,600,-485.50000000000426,-544.7000000000035,-540.4999999999967,-517.099999999996,-519.3000000000029,-545.9000000000037,-3153.000000000007
498,557,-434.60000000000366,-488.600000000001,-516.6000000000039,-493.2000000000023,-483.60000000000406,-476.4000000000031,-2893.000000000018
499,767,-628.000000000002,-715.9999999999981,-723.8999999999984,-700.7999999999964,-743.2000000000082,-748.9000000000037,-4260.800000000007
501,483,-358.60000000000264,-421.8,-436.1000000000014,-414.8,-423.80000000000314,-428.5000000000033,-2483.6000000000104
502,748,-638.6000000000043,-695.3000000000009,-702.4999999999973,-696.1000000000005,-705.1000000000076,-732.3000000000089,-4169.90000000002
503,539,-424.3000000000025,-487.8000000000013,-483.1999999999984,-464.99999999999704,-473.8000000000015,-468.9000000000018,-2803.0000000000027
504,633,-493.80000000000433,-562.400000000001,-575.6000000000023,-540.799999999995,-556.8000000000019,-582.7000000000043,-3312.1000000000085
505,674,-564.1000000000053,-620.3000000000019,-634.3000000000038,-605.8999999999983,-628.5000000000044,-607.8000000000046,-3660.9000000000187
506,511,-398.70000000000323,-445.7999999999993,-470.30000000000075,-453.39999999999975,-462.6000000000041,-464.2000000000041,-2695.000000000011
507,632,-514.5000000000041,-567.9000000000015,-568.9999999999964,-541.0999999999966,-569.3000000000026,-573.1000000000045,-3334.9000000000055
508,840,-759.5000000000084,-783.2999999999995,-786.1000000000009,-778.0999999999966,-789.1000000000067,-827.8000000000072,-4723.90000000002
509,793,-691.2000000000049,-752.7999999999996,-757.2000000000028,-752.6000000000025,-748.400000000006,-770.5000000000078,-4472.7000000000235
511,835,-730.7000000000081,-760.1999999999977,-790.1000000000047,-767.6000000000023,-779.2000000000072,-790.9000000000098,-4618.70000000003
512,628,-547.900000000005,-565.1000000000008,-576.9000000000013,-547.4999999999967,-552.9000000000049,-598.0000000000063,-3388.3000000000156
513,600,-484.70000000000283,-537.0999999999977,-550.6000000000009,-527.0999999999967,-544.5000000000016,-534.800000000005,-3178.8000000000047
514,888,-755.2000000000014,-842.1,-864.8000000000023,-842.6999999999999,-882.5000000000099,-878.8000000000058,-5066.1000000000195
515,634,-489.5000000000036,-549.3000000000003,-575.3000000000037,-539.4999999999972,-545.5000000000025,-567.6000000000063,-3266.700000000014
516,787,-683.2000000000064,-739.4000000000017,-755.6999999999997,-712.1999999999969,-740.0000000000066,-771.0000000000064,-4401.500000000017
517,956,-834.6000000000001,-899.1000000000038,-916.1000000000043,-907.5000000000061,-924.7000000000111,-950.0000000000101,-5432.0000000000355
518,642,-531.6000000000053,-585.7000000000018,-596.5000000000007,-594.7000000000033,-605.3000000000073,-617.0000000000074,-3530.8000000000256
519,923,-760.7000000000089,-867.5999999999996,-889.4000000000059,-855.8000000000018,-905.6000000000101,-901.9000000000077,-5181.000000000035
521,557,-467.30000000000405,-513.2000000000049,-496.39999999999964,-489.7999999999994,-489.4000000000039,-497.30000000000445,-2953.400000000016
522,785,-680.4000000000051,-746.6000000000016,-770.9000000000069,-717.5999999999983,-732.0000000000072,-744.000000000007,-4391.500000000026
523,781,-633.6000000000054,-717.800000000002,-732.6000000000023,-754.200000000006,-741.6000000000099,-753.0000000000073,-4332.800000000032
524,577,-449.60000000000423,-521.4000000000009,-521.7999999999968,-488.5999999999967,-521.2000000000028,-517.400000000002,-3020.000000000003
525,572,-454.9000000000038,-509.70000000000124,-521.2000000000014,-487.0999999999975,-495.10000000000235,-501.2000000000037,-2969.20000000001
526,568,-457.40000000000333,-501.299999999999,-522.9,-482.0999999999962,-463.30000000000035,-482.100000000004,-2909.1000000000026
527,584,-465.7000000000039,-516.2999999999996,-524.8999999999963,-518.6999999999989,-534.3000000000025,-514.8000000000028,-3074.7000000000044
528,603,-501.700000000004,-542.5999999999977,-538.2999999999961,-545.799999999997,-550.6000000000003,-548.4000000000028,-3227.3999999999983
529,772,-686.6000000000083,-725.3000000000005,-731.7000000000013,-719.100000000002,-766.9000000000071,-759.8000000000092,-4389.400000000028
531,748,-645.9000000000051,-687.500000000003,-703.5000000000031,-681.9000000000009,-684.5000000000036,-697.2000000000088,-4100.500000000025
532,855,-725.600000000005,-789.5999999999989,-847.1000000000078,-773.9999999999939,-813.8000000000035,-840.9000000000078,-4791.000000000016
533,543,-420.70000000000175,-514.4000000000005,-498.69999999999834,-485.39999999999515,-490.0000000000021,-473.20000000000374,-2882.400000000002
534,760,-647.9000000000055,-703.8999999999976,-739.7000000000015,-715.8999999999995,-712.9000000000005,-708.3999999999971,-4228.700000000002
535,883,-735.9999999999995,-831.3999999999971,-842.1000000000003,-849.0000000000025,-861.0000000000091,-859.800000000009,-4979.3000000000175
536,723,-578.3,-664.3999999999985,-681.4999999999993,-649.5999999999998,-669.0000000000032,-661.4999999999993,-3904.3
537,610,-512.7000000000052,-557.7000000000018,-542.4999999999982,-555.4999999999989,-546.5000000000033,-580.6000000000054,-3295.5000000000127
538,652,-534.5000000000044,-563.4999999999977,-594.3999999999993,-582.8999999999993,-558.900000000004,-598.7000000000021,-3432.9000000000065
539,597,-502.5000000000039,-535.1999999999992,-532.1999999999974,-535.2000000000004,-510.60000000000053,-523.0000000000049,-3138.700000000006
541,561,-434.7000000000033,-478.9999999999975,-514.1000000000012,-478.99999999999665,-481.00000000000256,-501.4000000000036,-2889.200000000005
542,970,-881.9000000000108,-925.5000000000031,-942.2000000000029,-939.300000000008,-959.3000000000129,-961.3000000000122,-5609.500000000049
543,703,-618.2000000000029,-636.9999999999995,-653.6000000000006,-637.0000000000008,-611.6000000000026,-674.9000000000045,-3832.300000000011
544,932,-797.8000000000046,-911.3000000000035,-924.2000000000072,-921.3000000000069,-914.1000000000091,-912.6000000000064,-5381.300000000038
545,792,-656.2000000000057,-735.8999999999996,-741.9999999999994,-732.2999999999968,-746.1000000000056,-773.2000000000053,-4385.700000000013
546,787,-645.9000000000048,-722.7999999999979,-740.999999999998,-696.5999999999941,-740.8000000000073,-768.7000000000111,-4315.800000000013
547,714,-585.0000000000043,-664.3000000000026,-671.3000000000011,-639.2999999999996,-678.3000000000065,-676.1000000000074,-3914.300000000022
548,748,-619.6000000000068,-677.6999999999991,-698.9000000000005,-681.1000000000014,-697.7000000000077,-709.1000000000063,-4084.1000000000217
549,717,-593.900000000005,-639.5999999999983,-663.1999999999996,-665.2000000000011,-661.800000000005,-682.300000000005,-3906.0000000000136
551,678,-581.1000000000059,-622.4999999999976,-636.2000000000024,-618.0999999999995,-632.7000000000016,-623.9000000000033,-3714.5000000000105
552,599,-524.100000000006,-541.0000000000011,-532.3999999999982,-557.2000000000052,-528.6000000000028,-543.5000000000043,-3226.8000000000175
553,888,-782.0000000000088,-838.3000000000026,-849.4000000000057,-827.2999999999996,-893.9000000000132,-881.4000000000124,-5072.300000000042
554,646,-534.0000000000048,-580.299999999999,-586.3000000000003,-618.5000000000078,-588.300000000007,-616.1000000000084,-3523.5000000000273
555,552,-462.9000000000036,-495.90000000000026,-496.69999999999925,-490.90000000000094,-485.1000000000016,-483.20000000000414,-2914.70000000001
556,762,-642.4000000000027,-708.5000000000031,-686.0999999999977,-701.7000000000052,-689.5000000000066,-712.5000000000077,-4140.700000000023
557,717,-571.7000000000045,-653.0000000000007,-663.8000000000001,-646.5999999999956,-649.2000000000025,-676.8000000000045,-3861.1000000000085
558,879,-751.8000000000069,-835.2000000000016,-858.7000000000065,-842.2000000000033,-861.400000000011,-879.1000000000131,-5028.400000000043
559,629,-497.500000000004,-550.1999999999997,-580.5000000000024,-544.1999999999985,-561.0000000000052,-573.500000000006,-3306.9000000000156
561,686,-543.400000000005,-625.0999999999977,-633.7000000000029,-635.300000000001,-619.7000000000015,-649.8000000000036,-3707.000000000012
562,537,-421.1000000000039,-454.79999999999836,-477.39999999999844,-438.9999999999967,-445.0000000000013,-447.00000000000335,-2684.300000000002
563,592,-458.5000000000033,-511.89999999999924,-530.6999999999987,-509.6999999999961,-504.1,-526.9000000000041,-3041.8000000000015
564,722,-587.6000000000024,-649.5000000000008,-679.9000000000043,-659.9000000000026,-667.7000000000044,-673.9000000000032,-3918.5000000000173
565,729,-631.200000000005,-695.2000000000039,-678.5999999999983,-677.8000000000031,-705.600000000009,-712.5000000000085,-4100.900000000028
566,830,-707.3000000000072,-763.6999999999952,-796.1000000000021,-758.0999999999939,-817.9000000000078,-831.0000000000072,-4674.100000000013
567,526,-384.2000000000023,-451.5000000000017,-449.9999999999994,-444.49999999999955,-430.30000000000024,-449.5000000000018,-2610.000000000005
568,697,-591.400000000007,-635.1999999999991,-653.3000000000021,-622.5999999999983,-648.2000000000033,-679.7000000000038,-3830.4000000000137
569,617,-466.70000000000203,-529.3999999999966,-566.5000000000003,-525.3999999999938,-563.8000000000008,-557.9000000000044,-3209.699999999998
571,903,-782.9000000000044,-839.4000000000023,-904.7000000000094,-827.1999999999995,-855.4000000000084,-852.5000000000092,-5062.100000000033
572,618,-495.0000000000044,-558.2999999999997,-552.799999999998,-548.7000000000007,-556.7000000000046,-550.4000000000057,-3261.900000000013
573,808,-672.0000000000055,-762.5000000000026,-779.6000000000028,-736.6999999999995,-786.3000000000089,-794.4000000000053,-4531.500000000025
574,734,-596.9000000000045,-680.4999999999997,-677.8000000000028,-682.1000000000003,-690.9000000000071,-699.5000000000064,-4027.7000000000207
575,656,-552.5000000000035,-592.2999999999984,-599.1000000000012,-570.0999999999951,-591.5000000000031,-592.7000000000053,-3498.2000000000066
576,640,-499.9000000000026,-575.1000000000017,-574.7999999999963,-571.7000000000005,-574.500000000004,-581.8000000000044,-3377.8000000000093
577,716,-630.9000000000067,-645.8999999999999,-648.2000000000005,-676.1000000000048,-656.9000000000052,-681.5000000000091,-3939.500000000026
578,564,-455.0000000000034,-513.2999999999994,-499.89999999999577,-510.5,-516.7000000000025,-524.4000000000038,-3019.8000000000047
579,826,-707.1000000000064,-792.900000000004,-778.6000000000016,-793.9000000000015,-804.5000000000107,-811.7000000000083,-4688.700000000033
581,843,-658.2000000000031,-791.0000000000041,-813.3000000000059,-805.6000000000053,-810.4000000000085,-833.3000000000111,-4711.8000000000375
582,687,-586.4000000000063,-619.5999999999988,-626.400000000003,-608.1999999999957,-626.200000000004,-633.6000000000015,-3700.4000000000096
583,657,-545.2000000000043,-594.3999999999994,-609.9000000000005,-592.4000000000011,-613.2000000000032,-595.500000000006,-3550.6000000000145
584,529,-416.3000000000048,-450.7999999999995,-461.29999999999814,-446.9999999999963,-445.200000000002,-466.00000000000375,-2686.6000000000045
585,511,-363.8000000000022,-434.40000000000003,-438.5999999999967,-429.5999999999973,-423.20000000000135,-421.90000000000265,-2511.5000000000005
586,595,-446.10000000000275,-519.0000000000005,-511.39999999999594,-511.599999999998,-526.2000000000032,-540.9000000000037,-3055.200000000004
587,509,-389.3000000000034,-444.60000000000207,-451.3999999999982,-430.59999999999906,-413.0000000000038,-426.300000000003,-2555.2000000000094
588,562,-426.20000000000226,-489.29999999999734,-513.1999999999994,-495.69999999999726,-484.49999999999926,-511.100000000004,-2919.9999999999995
589,681,-593.1000000000051,-623.1999999999969,-651.5000000000009,-609.9999999999926,-651.4000000000036,-637.9000000000048,-3767.100000000004
591,667,-558.9000000000067,-603.6000000000012,-599.4999999999977,-602.6000000000007,-610.8000000000048,-617.5000000000051,-3592.900000000016
592,698,-566.200000000003,-635.899999999999,-656.6999999999977,-620.6999999999928,-637.3000000000022,-647.100000000004,-3763.8999999999987
593,640,-517.8000000000045,-574.0999999999984,-590.5000000000001,-566.5000000000009,-592.300000000004,-573.0000000000063,-3414.2000000000144
594,694,-590.5000000000044,-612.8999999999975,-628.7999999999981,-621.299999999999,-638.1000000000051,-673.4000000000078,-3765.000000000012
595,709,-572.5000000000041,-654.0000000000006,-668.3999999999986,-657.8000000000043,-640.2000000000063,-661.5000000000039,-3854.400000000018
596,607,-480.80000000000257,-550.199999999997,-571.9000000000015,-544.2000000000005,-564.8000000000045,-557.6000000000065,-3269.5000000000127
597,660,-509.0000000000033,-588.6999999999973,-606.099999999998,-587.2999999999984,-572.8999999999995,-622.5000000000042,-3486.500000000001
598,590,-454.90000000000225,-537.8999999999988,-528.7999999999986,-503.6999999999961,-517.3000000000006,-521.5000000000036,-3064.1000000000004
599,698,-552.0000000000043,-622.4999999999964,-649.7000000000031,-627.6999999999995,-671.5000000000069,-662.1000000000073,-3785.5000000000173
601,525,-390.4000000000031,-459.2000000000024,-476.50000000000307,-443.399999999998,-439.4000000000019,-429.80000000000246,-2638.700000000011
602,930,-811.7000000000085,-878.5000000000011,-885.6000000000006,-893.9000000000035,-910.9000000000115,-958.200000000013,-5338.8000000000375
603,636,-492.0000000000014,-566.1000000000021,-577.9000000000015,-553.8999999999975,-544.700000000003,-563.5000000000073,-3298.1000000000126
604,497,-381.50000000000426,-438.80000000000064,-429.7999999999984,-423.39999999999816,-422.60000000000196,-430.6000000000034,-2526.7000000000066
605,1062,-932.3000000000055,-1023.1000000000008,-1058.8000000000025,-1011.0999999999988,-1064.500000000011,-1064.100000000011,-6153.90000000003
606,611,-516.6000000000038,-534.9999999999991,-567.4999999999989,-539.1999999999972,-563.8000000000015,-526.9000000000028,-3249.000000000003
607,835,-706.100000000004,-794.200000000001,-794.0999999999975,-774.5999999999959,-809.2000000000066,-836.5000000000098,-4714.700000000014
608,523,-411.5000000000032,-478.00000000000085,-467.70000000000016,-455.99999999999966,-457.00000000000085,-456.0000000000019,-2726.2000000000066
609,556,-433.80000000000337,-495.3,-501.99999999999943,-495.8999999999958,-494.9000000000003,-492.60000000000286,-2914.500000000002
611,624,-536.1000000000062,-576.7,-581.8000000000002,-561.3000000000002,-603.3000000000039,-586.5000000000033,-3445.7000000000135
612,510,-381.20000000000243,-433.6999999999988,-454.0000000000018,-426.49999999999864,-419.5000000000025,-440.3000000000041,-2555.2000000000085
613,1046,-922.0000000000051,-1001.0999999999975,-1041.9000000000024,-1023.7000000000033,-1041.70000000001,-1048.7000000000091,-6079.100000000028
614,616,-530.500000000005,-565.3000000000001,-563.7999999999978,-544.8999999999975,-566.1000000000041,-567.0000000000055,-3337.60000000001
615,685,-532.1000000000033,-616.5999999999981,-646.5999999999977,-614.5999999999945,-650.0000000000049,-639.5999999999987,-3699.4999999999973
616,439,-336.7000000000027,-369.7999999999994,-375.2999999999995,-371.19999999999885,-346.8000000000025,-376.0000000000024,-2175.800000000005
617,546,-439.7000000000029,-494.7000000000019,-485.39999999999736,-499.1000000000029,-490.9000000000018,-495.30000000000274,-2905.10000000001
618,712,-602.1000000000058,-659.499999999998,-671.4000000000017,-683.1000000000033,-679.7000000000027,-671.0000000000034,-3966.8000000000147
619,541,-430.7000000000021,-479.60000000000167,-490.1000000000018,-469.999999999996,-470.80000000000115,-474.70000000000465,-2815.9000000000074
621,566,-450.10000000000406,-495.6999999999954,-507.0999999999981,-521.4999999999991,-497.69999999999834,-506.5000000000038,-2978.5999999999985
622,511,-384.20000000000346,-441.20000000000044,-447.7999999999977,-434.3999999999979,-421.6000000000019,-435.6000000000024,-2564.800000000004
623,635,-514.8000000000039,-566.3999999999969,-565.0999999999959,-578.9999999999993,-591.8000000000011,-590.300000000003,-3407.3999999999996
624,553,-417.4000000000037,-480.59999999999997,-511.70000000000374,-491.59999999999934,-488.6000000000004,-502.20000000000374,-2892.100000000011
625,575,-481.00000000000404,-543.6000000000023,-532.0000000000019,-504.39999999999833,-525.6000000000041,-508.4000000000047,-3095.000000000015
626,598,-480.3000000000035,-540.0999999999992,-543.6999999999966,-532.8999999999988,-534.3000000000021,-556.0000000000038,-3187.300000000004
627,645,-514.8000000000043,-583.800000000001,-603.2000000000048,-554.9999999999975,-590.600000000005,-575.2000000000068,-3422.600000000019
628,614,-507.20000000000425,-576.2999999999996,-572.9000000000024,-549.9000000000001,-546.9000000000032,-562.7000000000031,-3315.900000000013
629,833,-724.0000000000038,-795.2000000000006,-803.6999999999998,-791.6000000000004,-804.8000000000063,-812.2000000000035,-4731.500000000015
631,670,-547.9000000000042,-585.2999999999947,-611.2999999999979,-591.4999999999977,-570.8999999999982,-616.9000000000053,-3523.7999999999984
632,593,-476.5000000000035,-543.2000000000037,-529.5999999999987,-533.4000000000025,-533.2000000000043,-535.8000000000047,-3151.7000000000176
633,813,-701.700000000007,-756.1999999999985,-785.4000000000013,-750.5999999999971,-808.0000000000106,-794.5000000000058,-4596.400000000021
634,734,-623.1000000000042,-684.1000000000015,-709.0000000000042,-653.0999999999937,-689.9000000000061,-674.9000000000037,-4034.100000000013
635,761,-633.4000000000045,-716.0000000000001,-708.400000000002,-727.0000000000061,-731.6000000000068,-737.9000000000053,-4254.300000000025
636,555,-427.50000000000074,-478.3999999999963,-489.2999999999981,-479.19999999999595,-462.4000000000001,-486.0000000000048,-2822.7999999999956
637,531,-425.00000000000307,-472.6000000000002,-466.39999999999816,-467.5999999999999,-479.2000000000002,-468.1000000000027,-2778.900000000004
638,570,-448.90000000000293,-501.7000000000019,-512.0999999999984,-506.7,-486.5000000000031,-497.4000000000034,-2953.3000000000097
639,694,-577.9000000000017,-635.8999999999962,-664.7000000000004,-640.6999999999965,-673.9000000000053,-654.1000000000001,-3847.2000000000007
641,699,-553.1000000000021,-646.6000000000024,-664.4000000000016,-667.8000000000056,-681.4000000000077,-683.7000000000041,-3897.0000000000236
642,897,-810.8000000000078,-838.9999999999992,-847.4000000000013,-852.4000000000021,-882.4000000000091,-879.0000000000055,-5111.000000000025
643,842,-699.1999999999998,-800.4999999999987,-821.3000000000035,-766.6999999999957,-808.5000000000059,-811.1000000000038,-4707.3000000000075
644,547,-454.5000000000032,-502.3999999999991,-496.2999999999988,-497.79999999999797,-490.20000000000334,-492.0000000000033,-2933.2000000000057
645,708,-550.3000000000008,-639.0999999999988,-677.6000000000034,-622.4999999999973,-641.3,-628.8000000000027,-3759.600000000003
646,500,-361.0000000000014,-423.6999999999994,-446.9000000000002,-423.8999999999981,-407.09999999999974,-426.9000000000021,-2489.500000000001
647,735,-634.7000000000074,-701.4000000000029,-695.9000000000004,-669.1999999999948,-700.8000000000054,-708.1000000000063,-4110.100000000017
648,677,-550.7000000000044,-603.1999999999962,-614.7999999999987,-615.1999999999995,-630.2000000000061,-654.9000000000071,-3669.000000000012
649,545,-419.90000000000265,-469.80000000000047,-483.2999999999997,-452.5999999999959,-468.00000000000176,-469.8000000000027,-2763.4000000000033
651,692,-576.6000000000057,-621.4999999999984,-627.6000000000008,-631.9000000000009,-634.3000000000043,-658.9000000000077,-3750.800000000018
652,658,-533.2000000000041,-594.499999999998,-598.9000000000001,-612.5,-607.100000000004,-627.5000000000041,-3573.7000000000103
653,586,-450.2000000000039,-508.8999999999993,-518.3999999999982,-513.099999999999,-533.1000000000032,-502.7000000000044,-3026.400000000008
654,579,-432.1000000000035,-509.5999999999985,-506.6999999999976,-498.19999999999857,-511.6,-503.100000000003,-2961.300000000001
655,603,-499.70000000000374,-560.4000000000024,-546.3999999999988,-537.1999999999987,-540.4000000000036,-539.7000000000007,-3223.800000000008
656,735,-639.2000000000043,-666.5999999999981,-685.3999999999969,-669.5999999999993,-676.6000000000012,-696.8000000000004,-4034.2000000000007
657,459,-352.50000000000307,-390.79999999999933,-396.6999999999995,-389.39999999999907,-377.0000000000012,-394.70000000000266,-2301.100000000005
658,666,-560.600000000003,-600.9000000000021,-613.8000000000034,-602.5000000000017,-612.5000000000063,-621.4000000000042,-3611.7000000000207
659,587,-449.20000000000203,-515.9999999999982,-530.2999999999986,-516.999999999997,-529.2000000000025,-547.6000000000043,-3089.300000000003
661,627,-501.20000000000385,-545.5999999999962,-569.4999999999964,-554.1999999999972,-563.4000000000007,-568.4000000000024,-3302.2999999999965
662,598,-476.40000000000504,-534.2999999999995,-529.0999999999973,-546.5000000000015,-539.5000000000034,-560.6000000000054,-3186.400000000012
663,804,-706.1000000000025,-758.3000000000011,-770.5000000000024,-742.0999999999998,-766.1000000000067,-796.4000000000078,-4539.50000000002
664,767,-652.8000000000043,-722.9999999999987,-718.1999999999973,-723.3999999999996,-723.4000000000068,-731.7999999999988,-4272.600000000006
665,688,-566.6000000000037,-618.7000000000007,-616.3999999999965,-615.6999999999963,-611.1000000000005,-648.000000000002,-3676.499999999999
666,596,-452.20000000000397,-512.4999999999964,-549.0999999999985,-513.8999999999972,-508.9,-505.20000000000346,-3041.7999999999997
667,591,-464.10000000000315,-530.6000000000013,-534.0999999999993,-517.9999999999973,-516.6000000000028,-551.3000000000065,-3114.7000000000103
668,615,-535.4000000000043,-565.0000000000001,-553.1999999999962,-564.9999999999967,-573.0000000000041,-585.2000000000054,-3376.8000000000065
669,894,-788.100000000006,-855.3000000000021,-874.3000000000037,-865.100000000005,-889.9000000000084,-863.8000000000085,-5136.500000000034
671,546,-412.60000000000275,-469.8999999999992,-477.90000000000043,-471.29999999999836,-462.5000000000047,-472.50000000000307,-2766.7000000000085
672,687,-587.6000000000051,-617.3999999999996,-623.1999999999995,-621.3999999999982,-637.8000000000044,-636.6000000000026,-3724.0000000000095
673,716,-616.7000000000064,-661.9000000000007,-651.9000000000004,-650.699999999998,-647.9000000000053,-680.0000000000064,-3909.1000000000176
674,719,-575.500000000005,-643.7999999999986,-660.0999999999984,-657.2000000000038,-668.600000000006,-647.2000000000023,-3852.400000000014
675,507,-400.5000000000031,-429.19999999999783,-441.79999999999944,-433.9999999999986,-423.3999999999992,-436.70000000000215,-2565.6000000000004
676,697,-587.6000000000062,-644.2000000000027,-665.1000000000028,-599.9999999999961,-614.4000000000025,-627.6000000000085,-3738.9000000000187
677,488,-375.00000000000284,-429.69999999999885,-429.99999999999795,-413.49999999999824,-413.30000000000246,-432.2000000000022,-2493.700000000002
678,620,-498.7000000000031,-554.4999999999987,-577.5999999999976,-573.9000000000005,-558.5000000000018,-568.2000000000043,-3331.400000000006
679,577,-451.3000000000034,-498.3999999999983,-526.0999999999988,-499.7999999999978,-511.8000000000024,-512.1000000000037,-2999.500000000004
681,855,-755.7000000000069,-789.4000000000015,-811.3000000000042,-763.7999999999962,-804.2000000000102,-823.5000000000088,-4747.900000000028
682,864,-727.7000000000015,-815.2999999999996,-840.4000000000046,-830.1000000000017,-848.7000000000097,-844.7000000000022,-4906.90000000002
683,815,-692.8000000000081,-765.7999999999995,-776.4000000000013,-755.9999999999975,-797.6000000000073,-818.000000000007,-4606.60000000002
684,554,-431.90000000000293,-489.4999999999983,-498.10000000000167,-475.2999999999975,-483.70000000000175,-520.1000000000032,-2898.6000000000054
685,542,-399.6000000000018,-463.0999999999983,-468.99999999999886,-465.29999999999905,-459.5000000000009,-483.10000000000315,-2739.600000000002
686,781,-680.0000000000078,-715.1999999999979,-739.1000000000014,-710.6000000000006,-736.6000000000072,-733.9000000000096,-4315.400000000025
687,692,-612.5000000000068,-633.8999999999987,-618.4999999999985,-609.6999999999962,-635.7000000000025,-629.6000000000063,-3739.900000000009
688,536,-439.30000000000246,-483.89999999999804,-487.39999999999804,-502.49999999999795,-488.10000000000196,-487.90000000000265,-2889.1000000000013
689,936,-814.8000000000068,-898.7000000000023,-911.4000000000086,-862.4999999999999,-910.3000000000138,-928.1000000000124,-5325.800000000044
691,934,-810.4000000000077,-887.5000000000049,-905.3000000000053,-883.900000000002,-907.9000000000125,-895.9000000000041,-5290.900000000037
692,487,-362.0000000000015,-418.80000000000126,-425.2000000000001,-405.99999999999824,-399.20000000000186,-376.5000000000039,-2387.7000000000066
693,647,-527.800000000005,-592.6000000000021,-585.1999999999985,-571.1999999999975,-597.4000000000041,-612.2000000000032,-3486.4000000000106
694,837,-688.6000000000046,-784.0000000000036,-816.6000000000074,-762.3999999999993,-799.0000000000102,-801.7000000000105,-4652.300000000036
695,760,-667.000000000006,-687.4999999999993,-713.9000000000017,-698.700000000004,-707.5000000000102,-710.40000000001,-4185.000000000031
696,681,-550.0000000000035,-618.2000000000011,-621.9000000000009,-614.3999999999968,-625.6000000000059,-623.100000000003,-3653.200000000011
697,642,-483.1000000000027,-568.6999999999991,-575.2000000000002,-578.1,-582.9000000000059,-606.2000000000045,-3394.200000000012
698,576,-477.60000000000554,-527.9000000000025,-498.2999999999961,-526.1000000000017,-511.5000000000052,-529.8000000000035,-3071.2000000000144
699,559,-439.80000000000376,-485.1999999999997,-488.69999999999504,-494.4000000000014,-479.800000000002,-492.70000000000397,-2880.600000000006
701,844,-763.2000000000071,-820.7000000000029,-785.899999999996,-816.9000000000021,-828.3000000000085,-847.5000000000066,-4862.500000000023
702,559,-453.3000000000023,-496.9999999999997,-506.60000000000036,-492.1999999999958,-500.6000000000021,-489.50000000000284,-2939.200000000003
703,919,-802.8000000000017,-851.1999999999958,-878.6999999999982,-845.199999999994,-891.2000000000087,-919.0000000000098,-5188.100000000009
704,722,-600.7000000000045,-664.8999999999995,-665.7000000000005,-681.7000000000055,-657.5000000000047,-680.9000000000042,-3951.4000000000187
705,652,-512.2000000000023,-618.4999999999994,-610.499999999999,-607.9000000000008,-606.5000000000024,-614.7000000000041,-3570.3000000000075
706,693,-540.400000000002,-637.400000000002,-648.0000000000031,-633.4000000000002,-643.2000000000035,-649.8000000000042,-3752.200000000015
707,571,-464.2000000000043,-490.79999999999853,-525.7000000000043,-492.39999999999924,-506.6000000000042,-505.8000000000051,-2985.5000000000155
708,548,-426.6000000000035,-472.6999999999973,-498.6000000000021,-480.5000000000012,-468.5000000000012,-482.00000000000415,-2828.9000000000096
709,568,-442.0000000000025,-500.8999999999969,-502.8999999999977,-492.899999999998,-489.90000000000356,-506.20000000000164,-2934.8
711,592,-473.60000000000366,-529.8999999999996,-542.5000000000013,-507.0999999999966,-526.9000000000009,-522.2000000000038,-3102.200000000006
712,656,-538.0000000000052,-615.5000000000027,-602.3000000000009,-577.6999999999962,-611.5000000000039,-625.2000000000055,-3570.2000000000144
713,613,-505.8000000000056,-543.799999999999,-558.8999999999991,-540.2000000000011,-537.4000000000027,-533.400000000005,-3219.5000000000127
714,643,-509.50000000000296,-590.1999999999992,-579.1999999999964,-585.3999999999971,-591.6000000000007,-597.8000000000039,-3453.7000000000003
715,854,-729.6000000000057,-789.4999999999991,-811.1000000000013,-788.500000000002,-817.1000000000059,-802.6000000000053,-4738.400000000019
716,766,-617.4000000000023,-713.300000000001,-724.9000000000015,-711.7,-720.9000000000066,-771.8000000000096,-4260.000000000021
717,718,-566.6000000000048,-660.3000000000003,-686.8000000000047,-673.1000000000047,-673.300000000006,-685.1000000000084,-3945.2000000000294
718,534,-435.90000000000117,-474.29999999999967,-465.8999999999971,-464.49999999999886,-462.8999999999995,-490.2000000000029,-2793.6999999999994
719,633,-513.500000000005,-578.6000000000012,-594.2000000000041,-555.1999999999958,-578.200000000005,-593.4000000000065,-3413.100000000018
721,521,-416.80000000000314,-450.99999999999864,-464.899999999998,-456.79999999999984,-464.20000000000175,-456.10000000000343,-2709.8000000000047
722,860,-713.2000000000049,-805.4999999999998,-828.2000000000019,-804.6999999999995,-836.5000000000086,-833.5000000000047,-4821.6000000000195
723,710,-596.1000000000051,-645.9000000000036,-649.1000000000024,-633.2999999999982,-637.900000000007,-681.6000000000088,-3843.900000000025
724,597,-471.30000000000456,-531.0000000000003,-543.1000000000001,-519.9999999999978,-541.8000000000051,-525.9000000000054,-3133.1000000000136
725,607,-503.60000000000485,-554.0000000000019,-560.9000000000005,-552.2000000000016,-556.2000000000023,-553.6000000000057,-3280.5000000000173
726,576,-460.4000000000029,-516.6999999999994,-526.5999999999987,-494.29999999999643,-498.90000000000026,-496.8000000000034,-2993.7000000000007
727,666,-557.6000000000046,-600.8999999999993,-606.3000000000009,-615.1000000000014,-627.9000000000061,-631.4000000000073,-3639.2000000000194
728,849,-730.4000000000077,-785.3999999999971,-792.7999999999987,-820.6000000000039,-811.8000000000088,-835.800000000008,-4776.800000000025
729,760,-619.3000000000039,-710.9000000000037,-709.9000000000023,-656.4999999999922,-702.9000000000055,-744.9000000000071,-4144.400000000015
731,705,-558.9999999999994,-661.8000000000009,-657.9999999999993,-660.0000000000001,-670.0000000000053,-681.9000000000066,-3890.7000000000116
732,733,-571.1999999999996,-683.7999999999997,-700.1999999999991,-667.5999999999955,-702.2000000000064,-670.2000000000039,-3995.200000000004
733,662,-536.300000000002,-613.2999999999989,-638.7000000000032,-612.7000000000019,-633.3000000000044,-619.6000000000064,-3653.9000000000165
734,699,-574.2000000000007,-625.5999999999997,-657.2000000000046,-629.6000000000006,-632.0000000000056,-658.7000000000088,-3777.30000000002
735,548,-441.20000000000454,-488.9000000000017,-487.2999999999988,-490.3000000000031,-484.1000000000021,-472.000000000003,-2863.8000000000134
736,512,-360.7000000000024,-422.8999999999992,-425.3999999999987,-421.29999999999745,-417.1000000000026,-444.100000000002,-2491.5000000000023
737,613,-456.5000000000034,-530.599999999998,-553.2999999999973,-547.3999999999994,-550.0000000000025,-568.5000000000034,-3206.3000000000047
738,576,-446.5000000000034,-510.09999999999746,-512.3999999999958,-493.0999999999978,-493.69999999999953,-509.2000000000046,-2964.999999999998
739,494,-362.6000000000019,-437.70000000000107,-436.4000000000027,-418.29999999999933,-411.9000000000034,-435.500000000002,-2502.40000000001
741,769,-630.1000000000043,-687.9999999999933,-725.3,-706.2000000000012,-747.4000000000085,-726.7000000000057,-4223.7000000000135
742,676,-570.6000000000058,-620.2999999999973,-634.4999999999986,-620.6999999999965,-621.9000000000018,-657.4000000000027,-3725.4000000000033
743,631,-480.300000000002,-572.5999999999993,-574.5000000000001,-548.9999999999969,-577.8000000000028,-599.800000000004,-3354.0000000000055
744,775,-667.4000000000036,-724.1999999999977,-735.2000000000011,-697.3999999999965,-744.2000000000071,-728.9000000000051,-4297.300000000011
745,611,-508.5000000000037,-542.0000000000001,-552.2999999999997,-556.799999999999,-552.8000000000033,-540.0000000000047,-3252.4000000000106
746,519,-392.7000000000039,-461.0000000000033,-460.9000000000014,-435.9999999999973,-423.4000000000012,-447.9000000000036,-2621.900000000011
747,653,-534.300000000006,-584.5999999999998,-587.8999999999969,-587.9999999999994,-583.4000000000005,-616.8000000000036,-3495.0000000000064
748,645,-497.9000000000044,-573.1999999999986,-574.799999999998,-593.8000000000008,-577.2000000000012,-597.8000000000033,-3414.700000000006
749,724,-580.6000000000055,-663.2999999999987,-681.6999999999989,-657.6999999999972,-666.4999999999994,-705.9000000000051,-3955.700000000005
751,546,-394.20000000000334,-465.49999999999955,-480.0999999999972,-467.69999999999857,-459.70000000000084,-470.7000000000018,-2737.900000000001
752,661,-562.5000000000045,-615.4000000000004,-604.9000000000002,-610.3999999999994,-603.4000000000009,-633.9000000000058,-3630.500000000011
753,624,-492.40000000000424,-561.0999999999995,-568.1999999999966,-558.1000000000005,-552.7000000000066,-569.7000000000045,-3302.2000000000116
754,797,-678.8000000000009,-747.0000000000002,-790.3000000000075,-733.8000000000015,-741.8000000000077,-753.5000000000058,-4445.2000000000235
755,845,-750.0000000000005,-805.9999999999997,-802.0999999999999,-793.2000000000004,-795.4000000000057,-812.4000000000053,-4759.100000000011
756,773,-639.6000000000049,-731.8000000000031,-728.6000000000014,-713.400000000001,-747.2000000000087,-750.3000000000053,-4310.900000000025
757,760,-613.1000000000023,-714.8999999999982,-723.7999999999992,-720.7000000000039,-748.5000000000066,-732.2000000000058,-4253.200000000016
758,535,-391.40000000000305,-458.99999999999915,-473.7999999999992,-462.4,-465.6000000000034,-467.9000000000031,-2720.100000000008
759,574,-462.40000000000384,-519.4999999999982,-530.7999999999982,-513.4999999999999,-536.700000000004,-523.200000000004,-3086.100000000008
761,630,-502.20000000000516,-557.8999999999982,-577.199999999998,-534.6999999999961,-547.9000000000037,-568.3000000000046,-3288.2000000000057
762,779,-682.9000000000034,-727.7999999999984,-738.7999999999997,-728.1999999999979,-731.4000000000053,-743.2000000000047,-4352.300000000009
763,541,-412.1000000000019,-490.1999999999992,-500.0000000000018,-464.99999999999886,-479.4000000000017,-488.2000000000039,-2834.9000000000074
764,792,-664.3000000000042,-715.0999999999991,-759.2000000000069,-732.5000000000009,-728.1000000000071,-777.30000000001,-4376.500000000028
765,890,-774.7999999999982,-817.499999999998,-858.0000000000053,-840.5000000000024,-859.5000000000081,-853.9000000000076,-5004.20000000002
766,719,-612.3000000000042,-681.6000000000041,-684.9000000000013,-667.400000000001,-695.4000000000068,-669.2999999999998,-4010.9000000000174
767,468,-370.3000000000031,-415.10000000000343,-419.3000000000005,-393.69999999999857,-381.9000000000032,-409.10000000000286,-2389.4000000000115
768,667,-559.5000000000047,-601.3999999999958,-634.7000000000016,-606.199999999999,-610.2000000000012,-626.7000000000038,-3638.700000000006
769,780,-683.3000000000065,-747.3000000000064,-738.6000000000039,-717.0999999999992,-733.5000000000086,-738.2000000000085,-4358.000000000034
771,605,-490.2000000000048,-539.8000000000012,-564.8000000000029,-527.5999999999983,-532.6000000000042,-549.3000000000062,-3204.300000000017
772,492,-363.3000000000033,-413.6999999999999,-416.59999999999786,-422.5000000000004,-392.7000000000005,-431.80000000000194,-2440.600000000004
773,846,-732.2000000000036,-782.3000000000013,-798.2000000000011,-788.0999999999988,-789.7000000000057,-801.4000000000029,-4691.900000000013
774,782,-649.4000000000011,-727.099999999998,-714.0999999999991,-722.4999999999974,-747.5000000000047,-761.1000000000051,-4321.700000000005
775,560,-430.0000000000035,-478.09999999999934,-494.4999999999976,-492.49999999999727,-485.3000000000016,-480.90000000000265,-2861.300000000002
776,719,-606.7000000000062,-672.6000000000018,-693.3000000000023,-646.3999999999987,-692.000000000007,-668.0000000000033,-3979.0000000000196
777,555,-465.40000000000464,-508.9999999999999,-495.29999999999785,-495.79999999999944,-479.0000000000017,-514.5000000000039,-2959.0000000000073
778,577,-464.90000000000526,-506.6000000000006,-526.1999999999987,-496.9999999999973,-498.4000000000013,-506.1000000000034,-2999.2000000000066
779,638,-499.7000000000045,-574.8999999999979,-579.0999999999974,-585.4999999999986,-546.499999999999,-607.9000000000029,-3393.6000000000004
781,709,-592.0000000000066,-634.4,-660.1000000000009,-658.9999999999999,-650.0000000000044,-664.6000000000051,-3860.1000000000167
782,597,-462.6000000000023,-526.1999999999986,-530.9999999999983,-526.9999999999973,-512.5999999999993,-542.2000000000031,-3101.599999999999
783,574,-469.200000000003,-512.3000000000014,-516.8999999999996,-498.2999999999967,-504.50000000000136,-504.60000000000264,-3005.800000000005
784,758,-638.100000000005,-698.4999999999997,-696.2999999999984,-720.9000000000048,-712.3000000000078,-718.9000000000051,-4185.000000000021
785,521,-389.3000000000032,-441.9999999999992,-440.69999999999555,-448.39999999999867,-430.4000000000026,-450.4000000000037,-2601.200000000003
786,512,-378.90000000000197,-443.6999999999994,-454.8000000000015,-433.2999999999993,-422.90000000000043,-433.00000000000256,-2566.6000000000054
787,633,-481.7000000000021,-572.7999999999971,-570.6999999999972,-573.9999999999992,-588.2000000000023,-575.6000000000016,-3362.9999999999995
788,839,-713.9000000000073,-785.0000000000011,-807.300000000002,-804.8000000000037,-803.4000000000074,-829.4000000000062,-4743.8000000000275
789,864,-761.2000000000046,-804.9000000000009,-837.3000000000072,-812.9000000000045,-831.700000000009,-837.3000000000034,-4885.300000000029
791,529,-403.30000000000325,-472.40000000000106,-471.5000000000017,-458.8,-463.00000000000125,-464.0000000000036,-2733.000000000011
792,642,-535.8000000000048,-557.6999999999953,-605.0000000000008,-569.8999999999958,-579.3000000000015,-569.6000000000059,-3417.3000000000043
793,556,-455.9000000000031,-511.90000000000236,-499.7000000000012,-492.29999999999893,-476.7000000000002,-500.8000000000025,-2937.3000000000084
794,918,-780.2000000000074,-888.7000000000068,-883.000000000004,-891.1000000000073,-897.9000000000107,-946.4000000000128,-5287.300000000048
795,842,-686.0000000000008,-789.6999999999998,-827.7000000000054,-804.1000000000008,-845.1000000000074,-835.8000000000051,-4788.400000000019
796,709,-585.9000000000043,-656.8000000000003,-656.1000000000009,-633.3999999999968,-658.0000000000018,-676.2000000000005,-3866.400000000005
797,532,-397.8000000000023,-463.50000000000125,-469.8000000000015,-447.89999999999833,-433.70000000000164,-441.3000000000045,-2654.00000000001
798,548,-449.6000000000036,-493.89999999999895,-489.89999999999566,-486.2999999999992,-485.69999999999925,-486.2000000000037,-2891.6000000000004
799,600,-494.6000000000036,-530.0999999999984,-562.9000000000008,-518.6999999999979,-538.3000000000022,-533.8000000000054,-3178.4000000000087
801,674,-564.4000000000028,-626.3000000000004,-607.5999999999964,-618.7,-624.5000000000055,-645.5000000000076,-3687.000000000013
802,830,-696.3000000000013,-762.6999999999986,-783.8999999999987,-786.3000000000009,-784.5000000000039,-795.9000000000052,-4609.600000000009
803,741,-661.3000000000065,-689.1999999999994,-672.7999999999967,-671.5999999999975,-684.0000000000053,-747.1000000000073,-4126.000000000013
804,769,-618.2000000000039,-691.7999999999981,-758.2000000000062,-702.6000000000032,-696.8000000000038,-704.9000000000062,-4172.500000000021
805,594,-463.4000000000031,-547.2999999999995,-543.2999999999981,-537.8999999999992,-550.7000000000028,-545.9000000000041,-3188.5000000000064
806,657,-547.2000000000047,-577.399999999999,-611.4000000000001,-576.5999999999981,-607.8000000000072,-598.6000000000031,-3519.000000000012
807,721,-611.6000000000029,-701.8000000000035,-676.3000000000022,-661.2000000000004,-694.0000000000083,-729.3000000000092,-4074.2000000000266
808,675,-528.3000000000017,-622.4000000000016,-626.300000000001,-598.9999999999959,-604.8000000000042,-627.8000000000015,-3608.600000000006
809,693,-557.5000000000052,-620.7999999999978,-639.0999999999993,-619.3999999999966,-628.8000000000045,-640.1000000000075,-3705.7000000000107
811,538,-448.50000000000426,-481.1000000000007,-487.5000000000001,-464.8999999999976,-483.5000000000006,-486.30000000000217,-2851.800000000005
812,737,-628.4000000000046,-677.3999999999983,-688.5999999999989,-691.1999999999997,-704.0000000000063,-688.9000000000015,-4078.5000000000095
813,551,-426.4000000000036,-500.5999999999999,-488.7999999999992,-489.59999999999854,-485.0000000000032,-514.1000000000042,-2904.500000000008
814,719,-556.4000000000045,-668.1999999999998,-676.6,-643.5999999999995,-666.0000000000039,-684.3000000000052,-3895.1000000000126
815,855,-727.2000000000073,-799.0000000000009,-804.2000000000018,-802.3999999999987,-816.8000000000098,-843.4000000000109,-4793.000000000029
816,680,-551.6000000000062,-619.1000000000018,-620.099999999999,-605.3000000000002,-597.7000000000035,-630.5000000000057,-3624.3000000000166
817,764,-643.6000000000035,-693.8999999999971,-710.8999999999968,-708.8999999999997,-723.3000000000051,-737.4000000000037,-4218.0000000000055
818,792,-655.5000000000027,-742.2999999999989,-743.6999999999991,-753.7000000000006,-769.5000000000073,-770.9000000000057,-4435.600000000015
819,553,-446.4000000000021,-504.5999999999993,-497.49999999999693,-479.59999999999513,-461.9999999999975,-484.6000000000019,-2874.6999999999925
821,672,-530.9000000000025,-599.9000000000003,-613.0000000000019,-598.2999999999986,-601.9000000000057,-620.9000000000071,-3564.900000000016
822,653,-512.7000000000046,-590.600000000001,-597.5999999999985,-604.4000000000003,-597.8000000000038,-620.1000000000046,-3523.200000000013
823,700,-584.7000000000055,-638.4999999999982,-630.8999999999972,-635.6999999999982,-630.5000000000027,-633.9000000000035,-3754.2000000000053
824,526,-396.80000000000445,-440.4999999999975,-460.5999999999985,-447.8999999999979,-442.90000000000157,-472.50000000000404,-2661.200000000004
825,576,-426.1000000000019,-508.4999999999987,-508.70000000000005,-487.29999999999814,-492.7000000000003,-515.3000000000051,-2938.6000000000045
826,665,-546.4000000000023,-628.8000000000036,-625.3000000000021,-591.7999999999972,-607.2000000000022,-580.0000000000041,-3579.500000000011
827,583,-448.6000000000023,-510.3999999999973,-522.1999999999988,-492.19999999999584,-513.8000000000015,-498.80000000000405,-2986.0
828,641,-529.5000000000044,-578.5999999999989,-589.3999999999999,-561.9999999999949,-582.6000000000046,-601.2000000000056,-3443.3000000000084
829,757,-649.8000000000045,-693.3999999999999,-721.8000000000035,-708.4000000000057,-698.8000000000056,-688.6000000000031,-4160.800000000022
831,581,-442.2000000000036,-501.39999999999895,-505.9999999999984,-506.4,-495.80000000000155,-513.2000000000032,-2965.0000000000055
832,661,-531.1000000000043,-589.199999999997,-625.1999999999992,-589.3999999999952,-608.5999999999981,-601.999999999999,-3545.4999999999927
833,692,-555.1000000000034,-632.3000000000023,-651.0000000000001,-630.7,-635.1000000000045,-625.100000000006,-3729.3000000000166
834,654,-552.0000000000051,-601.9000000000016,-603.9999999999994,-592.0999999999979,-595.7000000000037,-608.300000000006,-3554.000000000013
835,796,-651.8000000000028,-746.1,-749.3000000000019,-730.7000000000005,-772.5000000000057,-778.000000000005,-4428.400000000016
836,692,-570.1000000000047,-641.2999999999995,-660.1000000000028,-633.8999999999969,-650.900000000005,-649.1000000000046,-3805.4000000000133
837,624,-538.6000000000065,-569.0999999999998,-574.1000000000005,-573.7000000000035,-581.9000000000041,-582.1000000000024,-3419.5000000000164
838,693,-589.7000000000024,-648.4000000000007,-652.0000000000014,-623.799999999998,-666.0000000000068,-686.200000000006,-3866.100000000015
839,583,-444.40000000000293,-504.9999999999996,-510.79999999999666,-506.39999999999804,-515.6,-526.800000000003,-3009.0000000000005
841,710,-614.4000000000058,-647.099999999998,-672.2000000000015,-670.7000000000003,-664.3000000000051,-650.9000000000024,-3919.600000000013
842,562,-434.60000000000383,-514.7000000000032,-493.8999999999976,-508.1000000000025,-508.10000000000343,-515.0000000000034,-2974.400000000014
843,466,-351.0000000000019,-399.9000000000015,-411.8000000000004,-387.49999999999875,-381.10000000000275,-393.8000000000032,-2325.1000000000085
844,751,-619.9000000000059,-692.4000000000004,-712.400000000003,-698.0000000000017,-711.6000000000059,-728.1000000000067,-4162.400000000023
845,550,-440.5000000000041,-477.09999999999843,-487.8000000000003,-464.4999999999967,-480.50000000000364,-500.70000000000516,-2851.1000000000085
846,753,-615.4000000000028,-689.399999999998,-716.5000000000016,-720.2000000000016,-736.0000000000094,-720.3000000000012,-4197.800000000015
847,1094,-960.2000000000007,-1065.5000000000036,-1086.3000000000002,-1075.9000000000003,-1110.3000000000065,-1140.600000000003,-6438.800000000015
848,763,-652.7000000000047,-695.7999999999959,-727.5999999999983,-740.2000000000032,-759.8000000000083,-769.1000000000073,-4345.200000000018
849,762,-594.3000000000044,-685.899999999998,-722.1000000000017,-712.7000000000006,-708.5000000000032,-700.7000000000013,-4124.20000000001
851,732,-601.9000000000042,-675.6999999999985,-694.9000000000021,-643.0999999999939,-679.3000000000038,-690.7000000000077,-3985.60000000001
852,567,-439.9000000000032,-501.7999999999993,-500.49999999999784,-486.99999999999756,-483.0000000000033,-520.4000000000033,-2932.6000000000045
853,655,-521.6000000000045,-621.4000000000008,-610.0999999999985,-602.4000000000029,-628.2000000000048,-606.3000000000059,-3590.0000000000173
854,666,-544.3000000000028,-613.8999999999995,-620.9000000000016,-617.0999999999988,-627.5000000000031,-638.7000000000047,-3662.4000000000106
855,610,-488.7000000000024,-530.6999999999986,-564.6000000000014,-539.4999999999984,-555.3000000000019,-532.7000000000047,-3211.5000000000077
856,666,-543.4000000000038,-619.5000000000014,-621.8000000000003,-596.4999999999959,-613.1000000000047,-619.3000000000069,-3613.6000000000126
857,582,-443.8000000000028,-514.6999999999997,-526.2999999999987,-492.099999999995,-508.90000000000117,-499.40000000000316,-2985.2000000000003
858,500,-381.1000000000019,-433.1000000000012,-432.6999999999978,-431.9000000000001,-409.90000000000197,-431.50000000000324,-2520.200000000006
859,566,-457.10000000000247,-492.29999999999916,-507.09999999999957,-500.5,-520.9000000000024,-507.3000000000035,-2985.200000000007
861,865,-758.600000000005,-815.8000000000029,-831.700000000003,-815.2000000000048,-831.0000000000088,-861.7000000000104,-4914.000000000035
862,747,-637.1000000000042,-690.5999999999963,-690.8999999999968,-676.3999999999985,-715.2000000000043,-706.2000000000027,-4116.400000000002
863,718,-553.4000000000009,-661.4999999999987,-670.5000000000018,-649.6999999999972,-680.3000000000044,-696.3000000000021,-3911.700000000005
864,664,-542.8000000000027,-611.2999999999987,-616.7999999999988,-580.0999999999957,-614.3000000000018,-605.7000000000005,-3570.999999999998
865,723,-572.7000000000037,-639.799999999998,-674.9000000000015,-634.5999999999975,-672.4000000000059,-680.6000000000024,-3875.000000000009
866,693,-580.7000000000047,-652.3999999999963,-645.6999999999973,-634.199999999996,-642.6000000000028,-654.0000000000043,-3809.6000000000013
867,622,-502.00000000000443,-570.9000000000032,-575.4000000000005,-559.3000000000004,-543.9000000000032,-571.5000000000045,-3323.0000000000164
868,786,-684.7000000000063,-751.3000000000013,-753.199999999999,-740.6999999999982,-772.9000000000076,-751.100000000003,-4453.900000000016
869,748,-627.100000000006,-671.0999999999972,-706.1000000000004,-695.900000000002,-705.7000000000045,-716.1000000000046,-4122.000000000015
871,917,-800.1000000000009,-857.3999999999971,-880.5000000000014,-865.8000000000013,-876.2000000000081,-890.6000000000007,-5170.6000000000095
872,558,-450.90000000000384,-490.49999999999886,-519.5000000000015,-481.0999999999974,-506.7000000000005,-478.9000000000033,-2927.6000000000054
873,827,-724.3000000000064,-770.5999999999981,-775.6000000000005,-774.4000000000019,-802.2000000000094,-816.6000000000067,-4663.700000000023
874,753,-627.4000000000027,-697.2000000000004,-708.8000000000012,-691.3999999999996,-715.2000000000058,-732.5000000000072,-4172.500000000016
875,998,-810.6000000000018,-950.2999999999992,-984.2000000000054,-949.6999999999985,-984.700000000009,-1016.9000000000141,-5696.400000000028
876,554,-430.10000000000315,-491.6999999999994,-495.1000000000005,-465.49999999999693,-454.70000000000067,-487.3000000000035,-2824.400000000004
877,691,-575.3000000000058,-644.8000000000023,-645.2000000000015,-631.2000000000021,-633.2000000000061,-638.9000000000059,-3768.600000000024
878,841,-723.9000000000066,-779.3999999999952,-776.5999999999983,-807.9999999999998,-856.8000000000118,-837.300000000006,-4782.000000000017
879,514,-393.8000000000025,-452.10000000000076,-455.29999999999814,-446.69999999999965,-439.3000000000018,-449.20000000000266,-2636.400000000005
881,713,-594.5000000000061,-658.3999999999967,-686.7000000000043,-647.9999999999973,-684.0000000000057,-672.6000000000082,-3944.2000000000185
882,814,-713.2000000000074,-781.3000000000012,-790.6000000000013,-768.6999999999982,-787.100000000006,-792.5000000000013,-4633.400000000015
883,1074,-984.6000000000075,-1032.100000000002,-1051.1999999999996,-1017.9000000000026,-1060.9000000000115,-1113.200000000008,-6259.900000000031
884,752,-628.0000000000044,-702.8999999999983,-693.3999999999992,-673.2999999999963,-680.9000000000032,-720.2000000000035,-4098.700000000005
885,587,-493.2000000000027,-529.7999999999988,-517.2999999999959,-508.599999999994,-514.200000000003,-534.4000000000026,-3097.4999999999973
886,571,-453.10000000000366,-515.4000000000002,-514.5999999999971,-496.39999999999816,-516.6000000000021,-518.6000000000035,-3014.700000000005
887,631,-497.0000000000027,-562.7999999999967,-569.8999999999997,-549.1999999999966,-569.8000000000018,-572.6000000000014,-3321.2999999999984
888,761,-687.4000000000061,-702.7999999999981,-734.8000000000028,-703.0000000000013,-710.2000000000052,-727.6000000000038,-4265.8000000000175
889,834,-735.9000000000037,-795.3000000000039,-814.4000000000076,-789.0999999999998,-790.5000000000088,-794.1000000000042,-4719.3000000000275
891,735,-589.000000000002,-671.799999999999,-695.0000000000025,-669.1999999999975,-661.4000000000018,-693.300000000003,-3979.7000000000057
892,846,-741.9000000000065,-805.3000000000011,-793.2999999999989,-794.3000000000018,-833.1000000000097,-844.8000000000094,-4812.700000000027
893,607,-480.7000000000039,-536.3999999999982,-559.1000000000022,-539.6000000000004,-545.2000000000003,-559.3000000000047,-3220.3000000000097
894,734,-628.9999999999978,-692.0999999999993,-672.3000000000003,-681.900000000004,-686.7000000000066,-696.5000000000031,-4058.500000000011
895,634,-503.1000000000026,-577.499999999998,-577.8999999999947,-583.4999999999969,-556.6999999999987,-575.5000000000033,-3374.199999999994
896,794,-680.2000000000016,-729.699999999999,-762.5000000000023,-725.8999999999975,-763.5000000000063,-760.1000000000054,-4421.900000000012
897,730,-626.5000000000065,-679.3000000000001,-695.900000000003,-693.5000000000025,-683.9000000000069,-723.6000000000087,-4102.700000000028
898,533,-443.20000000000323,-484.8000000000016,-483.2000000000006,-466.59999999999746,-479.6000000000043,-463.10000000000264,-2820.5000000000095
899,760,-635.3000000000012,-713.1000000000005,-738.1000000000033,-695.099999999996,-739.1000000000081,-729.0000000000068,-4249.700000000016
901,661,-536.7000000000037,-600.000000000002,-598.9000000000011,-582.7999999999978,-604.2000000000075,-628.100000000009,-3550.700000000021
902,481,-363.300000000002,-419.59999999999917,-428.4000000000007,-410.8000000000007,-399.00000000000233,-399.4000000000037,-2420.5000000000086
903,649,-539.6000000000032,-599.4000000000025,-616.9000000000035,-588.399999999998,-599.2000000000055,-604.8000000000026,-3548.300000000015
904,523,-396.3000000000039,-458.8000000000017,-457.19999999999845,-453.7999999999999,-435.8000000000018,-467.7000000000031,-2669.600000000009
905,810,-714.000000000006,-734.6999999999975,-774.0000000000001,-760.2999999999989,-779.3000000000047,-790.7000000000088,-4553.0000000000155
906,562,-458.8000000000047,-492.2999999999997,-504.2000000000008,-485.8999999999965,-491.10000000000235,-494.30000000000325,-2926.600000000007
907,627,-540.8000000000033,-570.1999999999973,-574.2999999999988,-549.1999999999946,-570.200000000001,-581.3000000000043,-3385.9999999999986
908,613,-491.9000000000041,-547.7999999999972,-568.1000000000033,-552.8000000000025,-573.8000000000053,-578.3000000000043,-3312.7000000000166
909,703,-535.3000000000022,-640.2000000000045,-639.4000000000035,-638.0000000000019,-626.0000000000061,-637.4000000000054,-3716.3000000000243
911,607,-488.9000000000048,-527.3999999999983,-540.9999999999994,-526.3999999999977,-520.6000000000003,-538.0000000000026,-3142.3000000000034
912,685,-577.6000000000037,-620.3999999999984,-634.0000000000024,-615.7999999999946,-638.6000000000035,-620.4000000000019,-3706.8000000000047
913,694,-597.2000000000032,-644.8999999999967,-651.8000000000004,-662.5000000000015,-653.7000000000039,-638.400000000001,-3848.500000000007
914,570,-485.5000000000038,-517.300000000001,-508.69999999999834,-507.8999999999968,-492.7000000000015,-517.6000000000035,-3029.7000000000053
915,633,-522.0000000000052,-557.999999999998,-580.2999999999989,-575.9999999999967,-566.8000000000027,-558.7000000000038,-3361.800000000005
916,716,-581.1000000000042,-665.5000000000019,-681.700000000002,-659.2999999999981,-674.700000000004,-671.4000000000036,-3933.7000000000144
917,677,-558.2000000000041,-638.400000000002,-629.3000000000002,-630.9999999999992,-652.2000000000052,-676.9000000000061,-3786.000000000017
918,657,-546.2000000000044,-627.2000000000048,-640.8000000000027,-599.9999999999958,-637.2000000000057,-600.8000000000034,-3652.2000000000166
919,681,-535.3000000000009,-623.800000000002,-633.1000000000013,-621.399999999999,-636.2000000000047,-648.8000000000029,-3698.600000000011
921,569,-458.10000000000434,-497.99999999999994,-515.8999999999997,-493.79999999999507,-491.60000000000036,-514.400000000003,-2971.800000000003
922,706,-548.0000000000041,-627.6999999999995,-627.9999999999994,-629.6999999999996,-610.3000000000028,-641.4000000000069,-3685.100000000012
923,661,-540.7000000000058,-598.9999999999989,-616.3000000000043,-593.7999999999965,-627.6000000000055,-618.6000000000032,-3596.000000000014
924,591,-474.5000000000034,-520.3999999999952,-539.799999999998,-522.3999999999941,-525.4000000000011,-528.1000000000033,-3110.599999999995
925,633,-529.0000000000048,-570.0000000000001,-588.1000000000028,-564.0000000000016,-574.0000000000056,-542.3000000000039,-3367.4000000000187
926,502,-370.00000000000296,-442.09999999999854,-448.60000000000025,-435.50000000000017,-448.1000000000029,-439.30000000000155,-2583.6000000000063
927,596,-504.9000000000045,-526.6999999999985,-548.7000000000004,-537.7000000000032,-532.700000000005,-550.4000000000058,-3201.1000000000176
928,567,-449.50000000000324,-526.4000000000009,-525.8000000000009,-497.799999999998,-498.79999999999984,-491.500000000004,-2989.800000000007
929,627,-505.500000000004,-562.3999999999984,-583.0999999999999,-560.3999999999952,-571.0000000000022,-566.3000000000015,-3348.700000000001
931,544,-446.3000000000031,-471.89999999999674,-488.8000000000015,-479.1000000000006,-482.90000000000134,-488.20000000000346,-2857.2000000000066
932,627,-533.7000000000057,-576.200000000001,-594.4000000000025,-548.5999999999956,-560.6000000000054,-590.7000000000061,-3404.2000000000166
933,672,-554.2000000000046,-624.3000000000006,-631.8000000000009,-623.9000000000001,-611.7000000000043,-649.8000000000044,-3695.700000000015
934,570,-448.80000000000234,-495.49999999999966,-504.3999999999967,-486.89999999999765,-496.3000000000013,-497.7000000000031,-2929.600000000001
935,571,-429.20000000000346,-502.6000000000013,-503.69999999999885,-477.59999999999576,-497.40000000000356,-490.3000000000044,-2900.8000000000075
936,597,-481.300000000002,-516.9999999999977,-536.5999999999982,-525.9999999999969,-512.8000000000014,-552.5000000000059,-3126.200000000002
937,691,-575.000000000004,-628.399999999999,-643.0000000000033,-638.4000000000004,-638.6000000000051,-645.8000000000064,-3769.200000000018
938,495,-370.8000000000033,-431.20000000000135,-443.10000000000093,-414.99999999999795,-397.0000000000016,-404.60000000000355,-2461.7000000000085
939,673,-535.3000000000034,-594.1999999999961,-612.2999999999978,-587.1999999999972,-628.2000000000021,-619.5000000000024,-3576.699999999999
941,539,-432.4000000000039,-485.0000000000008,-505.20000000000334,-473.80000000000047,-462.60000000000144,-473.00000000000404,-2832.000000000014
942,710,-569.6999999999991,-657.9000000000019,-660.1,-659.4999999999983,-672.700000000006,-670.9000000000015,-3890.8000000000065
943,642,-540.900000000004,-588.9000000000032,-598.1000000000025,-556.8999999999957,-591.9000000000061,-585.4000000000057,-3462.1000000000167
944,563,-478.1000000000047,-494.79999999999967,-501.59999999999957,-513.8000000000043,-496.6000000000038,-507.8000000000058,-2992.700000000018
945,578,-471.0000000000032,-500.2999999999977,-523.1999999999999,-522.3000000000012,-502.900000000005,-506.1000000000051,-3025.800000000012
946,758,-649.7000000000024,-694.4999999999983,-712.000000000001,-703.2999999999977,-699.7000000000048,-721.500000000005,-4180.700000000009
947,588,-458.4000000000028,-507.49999999999886,-516.1999999999996,-498.4999999999972,-497.1000000000016,-516.3000000000031,-2994.0000000000036
948,560,-438.1000000000036,-488.49999999999926,-505.9999999999994,-481.69999999999874,-481.30000000000234,-496.3000000000038,-2891.900000000007
949,654,-526.6000000000034,-614.7000000000044,-608.9000000000044,-610.1000000000055,-601.300000000006,-599.000000000008,-3560.600000000032
951,646,-525.8000000000044,-589.4999999999993,-584.999999999998,-572.4999999999972,-608.3000000000042,-595.7000000000025,-3476.8000000000056
952,677,-549.9000000000051,-605.4000000000012,-622.1999999999988,-570.9999999999939,-609.6000000000032,-616.5000000000055,-3574.6000000000076
953,521,-398.9000000000031,-448.59999999999945,-469.30000000000155,-455.6000000000026,-429.20000000000164,-453.8000000000037,-2655.4000000000124
954,676,-538.9000000000035,-607.6999999999987,-635.9000000000023,-605.6999999999986,-622.7000000000057,-627.6000000000065,-3638.5000000000155
955,668,-573.1000000000067,-606.300000000001,-605.4999999999989,-592.2999999999998,-605.1000000000048,-615.4000000000033,-3597.700000000015
956,655,-529.8000000000047,-600.4000000000017,-607.4999999999984,-580.7999999999998,-586.6000000000028,-598.7000000000054,-3503.8000000000125
957,485,-369.6000000000025,-410.8000000000003,-419.19999999999925,-407.39999999999924,-399.200000000002,-419.7000000000035,-2425.900000000007
958,663,-532.6000000000033,-599.9999999999995,-576.3999999999947,-595.6000000000033,-589.0000000000034,-615.7000000000065,-3509.3000000000116
959,630,-503.00000000000273,-579.7000000000003,-582.6999999999994,-563.6999999999949,-601.5000000000024,-594.6000000000039,-3425.2000000000035
961,528,-410.5000000000034,-452.29999999999774,-461.8999999999979,-456.9000000000006,-451.900000000003,-472.6000000000035,-2706.100000000006
962,651,-533.1000000000033,-612.800000000002,-606.0000000000011,-600.5999999999998,-610.6000000000053,-621.8000000000048,-3584.9000000000165
963,622,-498.00000000000364,-553.0999999999984,-563.9000000000013,-551.4999999999984,-548.500000000002,-571.6000000000053,-3286.600000000009
964,827,-711.2000000000069,-765.599999999999,-789.6000000000006,-769.9999999999986,-792.0000000000038,-784.9000000000043,-4613.300000000013
965,610,-504.50000000000455,-565.5000000000005,-577.200000000005,-543.0999999999988,-558.1000000000042,-570.5000000000069,-3318.90000000002
966,721,-595.9000000000059,-675.8000000000015,-700.3000000000033,-657.9999999999967,-664.6000000000038,-718.4000000000053,-4013.0000000000164
967,751,-629.6000000000065,-686.9999999999994,-697.8000000000022,-714.2000000000058,-692.4000000000082,-741.6000000000093,-4162.600000000031
968,492,-374.40000000000225,-411.50000000000006,-421.50000000000074,-407.09999999999764,-390.3000000000016,-414.7000000000039,-2419.5000000000064
969,639,-556.3000000000015,-579.1999999999971,-588.9999999999992,-585.3999999999996,-560.200000000002,-588.7000000000027,-3458.800000000002
971,610,-479.1000000000027,-541.2999999999997,-531.5999999999958,-531.8999999999976,-538.3000000000042,-544.2000000000033,-3166.4000000000037
972,647,-520.8000000000059,-596.0000000000019,-595.6000000000008,-577.000000000001,-596.8000000000045,-603.1000000000062,-3489.3000000000206
973,625,-504.20000000000334,-583.800000000002,-567.4999999999983,-559.5999999999991,-581.8000000000035,-577.2000000000049,-3374.100000000011
974,673,-550.0000000000036,-625.4000000000017,-628.4999999999991,-614.4000000000001,-635.2000000000043,-626.1000000000032,-3679.600000000012
975,518,-407.1000000000016,-450.6999999999986,-465.7999999999981,-450.0999999999976,-438.7000000000013,-450.40000000000373,-2662.800000000001
976,642,-518.4000000000053,-563.7000000000005,-567.2999999999978,-568.0999999999988,-578.5000000000056,-582.700000000006,-3378.7000000000144
977,657,-551.9000000000034,-589.3999999999985,-612.1000000000007,-565.599999999995,-580.9999999999985,-557.1000000000037,-3457.1
978,669,-549.500000000004,-609.6000000000007,-610.1999999999988,-601.9999999999984,-611.0000000000044,-640.700000000006,-3623.0000000000127
979,633,-523.5000000000041,-577.2000000000012,-577.3000000000018,-562.3999999999978,-570.200000000003,-578.8000000000043,-3389.4000000000124
981,561,-415.90000000000333,-497.19999999999885,-501.29999999999825,-492.199999999998,-502.80000000000285,-514.3000000000038,-2923.7000000000053
982,666,-563.000000000006,-592.4999999999992,-608.5999999999997,-565.0999999999948,-601.7000000000029,-622.900000000007,-3553.8000000000097
983,727,-623.5000000000069,-675.8000000000014,-688.7000000000045,-665.4000000000018,-684.8000000000062,-678.1000000000099,-4016.3000000000306
984,648,-549.2000000000039,-581.2999999999987,-614.100000000002,-596.0999999999988,-599.7000000000005,-576.2000000000055,-3516.6000000000095
985,574,-458.3000000000037,-510.29999999999797,-511.89999999999884,-487.89999999999645,-507.0999999999989,-503.7000000000018,-2979.1999999999975
986,722,-620.9000000000017,-668.2999999999956,-697.0000000000023,-662.0999999999954,-690.5000000000045,-690.2000000000027,-4029.000000000002
987,464,-355.60000000000304,-414.5000000000005,-417.09999999999724,-400.5000000000004,-404.3000000000006,-400.5000000000018,-2392.5000000000036
988,588,-464.70000000000283,-532.699999999999,-537.1000000000001,-520.5000000000003,-517.9000000000013,-524.3000000000052,-3097.200000000009
989,865,-727.200000000004,-809.999999999998,-823.3000000000006,-851.4000000000098,-852.6000000000118,-869.700000000013,-4934.200000000037
991,684,-565.4000000000059,-615.300000000001,-650.6000000000063,-609.5000000000003,-629.9000000000068,-654.5000000000084,-3725.200000000029
992,752,-609.3000000000026,-676.499999999998,-712.6000000000031,-664.2999999999962,-693.1000000000029,-702.9000000000045,-4058.7000000000075
993,794,-660.5000000000051,-744.1000000000013,-747.8000000000019,-778.7000000000099,-767.9000000000095,-775.1000000000083,-4474.100000000036
994,650,-571.8000000000061,-601.2999999999994,-590.4999999999981,-593.099999999996,-590.1000000000001,-595.6000000000024,-3542.4000000000024
995,555,-445.90000000000146,-512.8000000000027,-512.3999999999995,-487.7999999999987,-515.6000000000034,-486.4000000000037,-2960.9000000000096
996,783,-651.8000000000071,-718.000000000001,-738.5000000000031,-742.6000000000042,-704.0000000000015,-719.9000000000016,-4274.800000000018
997,635,-502.0000000000043,-562.5999999999985,-574.7999999999984,-580.7999999999982,-595.6000000000026,-587.6000000000042,-3403.400000000006
998,668,-536.4000000000036,-607.7,-615.3000000000015,-605.2999999999984,-621.9000000000073,-628.9000000000077,-3615.5000000000186
999,616,-505.4000000000037,-560.4999999999998,-563.6999999999996,-544.2999999999982,-563.3000000000053,-573.7000000000068,-3310.9000000000133
1001,603,-491.00000000000347,-524.5999999999983,-544.3999999999987,-534.7999999999982,-536.2000000000032,-560.4000000000042,-3191.400000000006
1002,611,-508.30000000000416,-558.6,-564.6999999999988,-541.9999999999976,-563.2000000000043,-560.900000000005,-3297.7000000000103
1003,606,-499.9000000000042,-537.5,-545.099999999999,-541.0999999999988,-531.7000000000022,-558.2000000000044,-3213.5000000000086
1004,675,-533.2000000000023,-623.3999999999991,-619.9999999999985,-614.599999999998,-637.6000000000031,-658.4000000000052,-3687.200000000006
1005,653,-532.8000000000052,-586.8000000000023,-613.3000000000043,-582.4000000000013,-586.6000000000053,-575.9000000000035,-3477.800000000022
1006,784,-647.4999999999983,-741.5000000000001,-759.9000000000061,-714.2999999999984,-746.1000000000056,-743.5000000000027,-4352.800000000011
1007,520,-396.90000000000134,-466.2999999999996,-485.70000000000203,-464.2999999999978,-480.5000000000025,-460.80000000000365,-2754.5000000000073
1008,727,-606.6000000000059,-675.3999999999986,-690.0000000000045,-670.1999999999954,-666.8000000000055,-698.4000000000011,-4007.400000000011
1009,517,-395.5000000000023,-443.40000000000083,-453.49999999999864,-436.1999999999977,-431.2000000000026,-419.80000000000376,-2579.600000000006
1011,771,-672.300000000006,-718.2000000000012,-718.2000000000006,-716.0000000000007,-741.6000000000082,-760.700000000007,-4327.000000000024
1012,622,-491.7000000000044,-580.8999999999985,-579.5999999999975,-567.4999999999986,-562.9000000000018,-588.0000000000049,-3370.600000000006
1013,693,-556.500000000004,-623.2000000000003,-657.7000000000028,-616.7999999999943,-643.8000000000033,-636.3000000000021,-3734.300000000007
1014,828,-708.2000000000028,-778.9000000000008,-807.7000000000028,-773.3000000000035,-789.9000000000063,-811.3000000000106,-4669.300000000027
1015,806,-655.8999999999993,-724.2999999999975,-768.6000000000032,-726.0999999999999,-763.300000000006,-774.4000000000069,-4412.600000000013
1016,563,-467.2000000000052,-499.5999999999997,-507.8999999999994,-518.2000000000011,-496.4000000000011,-501.40000000000407,-2990.7000000000107
1017,733,-582.4000000000044,-665.7999999999993,-707.3000000000072,-651.9999999999958,-708.000000000007,-705.2000000000098,-4020.7000000000235
1018,677,-576.6000000000051,-604.9999999999962,-646.3999999999996,-599.5999999999987,-609.8000000000017,-617.6000000000017,-3655.0000000000027
1019,575,-445.00000000000347,-509.1999999999972,-526.4000000000016,-507.79999999999546,-528.4000000000026,-520.7000000000043,-3037.5000000000045
1021,926,-813.5000000000033,-889.5000000000031,-912.3000000000069,-891.7000000000038,-910.3000000000117,-905.500000000007,-5322.800000000037
1022,561,-446.2000000000031,-489.8000000000009,-496.2999999999988,-480.79999999999677,-483.2000000000039,-496.6000000000051,-2892.9000000000087
1023,812,-692.0999999999985,-754.2999999999984,-775.6000000000013,-740.6999999999942,-791.5000000000082,-786.9000000000062,-4541.100000000007
1024,711,-601.5000000000058,-658.3999999999982,-653.7999999999982,-655.200000000001,-689.2000000000088,-669.1000000000062,-3927.2000000000185
1025,677,-542.4000000000041,-611.7999999999995,-628.9000000000023,-608.600000000003,-610.000000000004,-609.0000000000008,-3610.700000000014
1026,787,-619.6999999999971,-731.8000000000011,-768.3000000000042,-725.4000000000012,-744.6000000000047,-732.6000000000022,-4322.400000000011
1027,683,-595.3000000000079,-641.8000000000012,-635.3999999999999,-611.1999999999947,-623.6000000000015,-665.3000000000075,-3772.600000000012
1028,823,-694.7000000000024,-774.1999999999957,-797.0999999999997,-787.8000000000011,-798.0000000000052,-815.8000000000048,-4667.6000000000095
1029,916,-779.3000000000065,-890.7000000000043,-888.6000000000017,-862.4999999999978,-906.5000000000116,-922.0000000000089,-5249.600000000031
1031,727,-633.4000000000051,-680.9999999999986,-693.3000000000027,-679.7999999999976,-720.2000000000073,-705.9000000000023,-4113.600000000014
1032,641,-517.8000000000033,-573.9999999999973,-571.8999999999945,-570.9999999999958,-579.9999999999981,-605.2000000000011,-3419.8999999999905
1033,652,-550.8000000000062,-599.0999999999993,-605.3,-583.4999999999962,-593.5000000000024,-606.4000000000041,-3538.600000000008
1034,629,-498.5000000000035,-555.7999999999961,-589.9999999999997,-585.5999999999992,-593.6000000000018,-588.500000000001,-3412.0000000000014
1035,759,-652.7000000000036,-687.7999999999976,-732.0000000000018,-700.7999999999989,-734.4000000000083,-738.8000000000093,-4246.500000000019
1036,592,-468.7000000000035,-541.7000000000011,-534.2999999999981,-534.0999999999979,-533.7000000000045,-533.2000000000041,-3145.700000000009
1037,552,-418.10000000000355,-483.90000000000214,-476.6999999999972,-468.8999999999968,-456.900000000002,-500.4000000000033,-2804.900000000005
1038,716,-601.8000000000038,-652.2999999999952,-689.7000000000043,-653.8999999999951,-669.1000000000021,-688.6000000000005,-3955.400000000001
1039,637,-485.2000000000022,-567.5999999999977,-577.4999999999968,-571.1999999999948,-583.0000000000038,-601.7000000000041,-3386.2
1041,579,-447.6000000000039,-492.1999999999966,-519.2000000000004,-496.7999999999975,-513.4000000000011,-530.2000000000046,-2999.400000000004
1042,614,-474.80000000000285,-534.7000000000011,-563.5999999999992,-538.8999999999951,-508.2999999999987,-537.6000000000031,-3157.9
1043,606,-477.10000000000383,-556.7000000000006,-554.6999999999991,-519.6999999999971,-552.3000000000028,-547.200000000004,-3207.7000000000075
1044,675,-577.3000000000054,-624.9999999999993,-634.9000000000028,-599.5999999999983,-630.2000000000032,-627.0000000000039,-3694.0000000000127
1045,622,-514.0000000000058,-568.6999999999995,-569.1999999999996,-560.3000000000019,-561.5000000000032,-595.7000000000054,-3369.400000000015
1046,658,-549.2000000000046,-595.5000000000005,-610.1999999999992,-591.0999999999949,-573.8999999999987,-587.4000000000015,-3507.2999999999993
1047,706,-580.100000000002,-678.7000000000015,-683.3000000000045,-654.2999999999964,-668.9000000000077,-726.8000000000093,-3992.1000000000213
1048,712,-586.3000000000019,-649.6999999999991,-658.2999999999988,-632.8999999999983,-649.7000000000055,-654.3000000000053,-3831.2000000000085
1049,690,-578.7000000000048,-645.3000000000011,-646.0999999999989,-653.5000000000038,-668.7000000000072,-656.2000000000083,-3848.500000000024
1051,590,-487.20000000000385,-527.0999999999997,-537.7999999999986,-544.7000000000037,-546.7000000000044,-548.2000000000066,-3191.7000000000166
1052,673,-541.8000000000036,-613.5999999999996,-621.999999999999,-608.8000000000008,-616.0000000000033,-621.4000000000018,-3623.600000000008
1053,613,-480.0000000000043,-556.2000000000014,-559.2000000000035,-518.5999999999956,-544.6000000000031,-574.6000000000041,-3233.2000000000116
1054,662,-532.5000000000043,-602.8999999999995,-610.7999999999985,-589.1,-623.700000000006,-618.9000000000051,-3577.9000000000133
1055,664,-537.2000000000033,-599.9000000000003,-605.1000000000022,-590.2999999999973,-614.9000000000057,-614.200000000007,-3561.600000000016
1056,597,-503.50000000000426,-561.6000000000024,-547.1999999999989,-539.4000000000024,-516.2000000000012,-543.2000000000035,-3211.1000000000126
1057,703,-567.2,-654.1999999999995,-658.1,-617.9999999999933,-625.0000000000024,-676.8000000000025,-3799.2999999999975
1058,629,-524.5000000000059,-567.8000000000004,-578.7999999999984,-586.0000000000036,-569.0000000000058,-589.8000000000079,-3415.9000000000224
1059,577,-452.7000000000036,-506.7999999999981,-520.2000000000002,-503.39999999999554,-513.8000000000009,-522.2000000000041,-3019.100000000002
1061,491,-370.80000000000365,-422.6000000000011,-427.6999999999981,-409.99999999999886,-389.80000000000035,-413.80000000000194,-2434.700000000004
1062,808,-694.4000000000074,-738.3000000000011,-765.4000000000029,-742.5000000000024,-773.5000000000089,-780.4000000000102,-4494.500000000033
1063,503,-385.70000000000294,-435.6000000000018,-439.90000000000003,-415.599999999998,-411.60000000000025,-425.0000000000021,-2513.4000000000055
1064,657,-538.3000000000042,-604.4000000000009,-619.8000000000013,-606.3999999999988,-615.8000000000043,-592.6000000000066,-3577.300000000016
1065,728,-617.7000000000056,-685.9000000000019,-666.1000000000001,-665.6999999999974,-675.7000000000046,-696.9000000000077,-4008.0000000000173
1066,759,-624.2000000000048,-714.2000000000038,-704.7000000000012,-703.2000000000014,-709.2000000000073,-757.3000000000096,-4212.8000000000275
1067,720,-582.9000000000009,-655.299999999999,-673.0000000000014,-647.6999999999992,-678.100000000009,-673.7000000000065,-3910.700000000016
1068,607,-494.8000000000053,-560.0000000000061,-558.2000000000002,-514.9999999999955,-541.000000000006,-536.5000000000045,-3205.5000000000177
1069,522,-425.30000000000285,-474.9000000000007,-470.0999999999999,-461.4999999999995,-469.50000000000273,-467.10000000000286,-2768.4000000000087
1071,662,-563.4000000000055,-596.300000000001,-582.9999999999991,-594.0999999999997,-593.3000000000054,-630.4000000000084,-3560.5000000000196
1072,655,-545.6000000000047,-578.5999999999984,-604.8000000000001,-591.0000000000014,-595.4000000000035,-592.9000000000052,-3508.300000000013
1073,581,-457.800000000002,-509.60000000000076,-515.3999999999979,-502.19999999999686,-509.59999999999985,-531.8000000000031,-3026.4000000000005
1074,795,-677.2000000000057,-758.2000000000047,-767.300000000003,-714.799999999997,-760.0000000000083,-769.800000000006,-4447.300000000025
1075,504,-379.6000000000021,-428.69999999999925,-428.3999999999998,-424.89999999999867,-418.10000000000196,-437.1000000000024,-2516.800000000004
1076,723,-588.8000000000045,-680.8000000000043,-657.8999999999977,-667.2000000000027,-675.8000000000068,-704.3000000000104,-3974.8000000000256
1077,775,-650.1000000000003,-722.7999999999973,-736.3999999999991,-710.3999999999987,-740.2000000000023,-742.5000000000032,-4302.4000000000015
1078,575,-488.20000000000493,-514.8000000000001,-530.9999999999994,-514.9999999999991,-515.8000000000038,-499.8000000000041,-3064.6000000000117
1079,660,-529.5000000000032,-608.5000000000019,-612.5000000000005,-608.0999999999993,-613.9000000000059,-623.3000000000056,-3595.8000000000166
1081,720,-583.6000000000056,-659.099999999998,-689.0000000000022,-644.2999999999963,-653.9000000000009,-651.399999999999,-3881.300000000002
1082,558,-444.2000000000045,-467.89999999999816,-520.1000000000012,-466.6999999999967,-468.5000000000016,-459.00000000000364,-2826.400000000006
1083,755,-676.000000000003,-701.400000000001,-693.0999999999993,-689.1999999999985,-705.0000000000044,-731.6000000000071,-4196.300000000013
1084,517,-396.9000000000034,-445.5999999999988,-462.89999999999696,-445.1999999999986,-419.40000000000134,-409.9000000000035,-2579.9000000000024
1085,674,-583.9000000000044,-622.700000000001,-638.3000000000022,-604.4999999999982,-602.5000000000002,-613.2000000000049,-3665.100000000011
1086,665,-526.9000000000041,-607.7999999999988,-629.300000000003,-592.1999999999965,-602.4000000000044,-612.2000000000018,-3570.8000000000084
1087,691,-594.300000000007,-620.1999999999979,-628.4999999999983,-642.0000000000034,-627.8000000000059,-660.800000000006,-3773.600000000018
1088,822,-698.0000000000047,-769.7000000000012,-811.4000000000035,-769.700000000002,-810.5000000000085,-797.2000000000044,-4656.500000000025
1089,588,-498.90000000000515,-532.3000000000008,-538.9999999999978,-515.4999999999978,-536.5000000000049,-529.0000000000043,-3151.2000000000107
1091,774,-639.1999999999987,-719.9000000000019,-743.7000000000039,-723.9000000000029,-711.9000000000044,-725.1000000000059,-4263.700000000018
1092,590,-470.3000000000024,-521.699999999999,-528.0999999999979,-517.4999999999984,-512.7000000000024,-527.5000000000052,-3077.8000000000056
1093,478,-352.4000000000033,-401.69999999999965,-413.0000000000003,-405.29999999999865,-379.70000000000266,-420.7000000000036,-2372.800000000008
1094,587,-485.70000000000465,-530.2000000000005,-515.799999999998,-527.0,-520.0000000000045,-538.0000000000036,-3116.700000000011
1095,560,-444.8000000000039,-472.8999999999984,-506.19999999999897,-486.4999999999995,-465.100000000001,-481.7000000000043,-2857.200000000006
1096,1027,-933.6000000000106,-942.1999999999979,-994.900000000006,-974.8000000000017,-994.8000000000128,-990.3000000000114,-5830.6000000000395
1097,688,-589.1000000000031,-655.7000000000029,-648.1999999999987,-643.0999999999979,-635.7000000000027,-667.0000000000039,-3838.8000000000093
1098,849,-706.4000000000058,-796.8000000000003,-812.7000000000016,-819.2000000000029,-816.2000000000079,-808.0000000000072,-4759.300000000026
1099,817,-664.7999999999975,-765.3999999999985,-791.9000000000011,-755.5999999999964,-772.8000000000023,-799.1000000000035,-4549.599999999999
1101,516,-404.6000000000043,-457.10000000000144,-456.2000000000016,-462.50000000000244,-428.90000000000276,-442.400000000003,-2651.7000000000153
1102,714,-594.100000000003,-652.9000000000002,-659.4999999999999,-638.8999999999978,-655.9000000000033,-669.9000000000033,-3871.2000000000075
1103,764,-656.2000000000041,-716.7000000000013,-721.3000000000021,-724.7000000000065,-722.1000000000066,-737.7000000000093,-4278.70000000003
1104,839,-720.1000000000083,-777.8000000000015,-778.0000000000002,-782.6000000000033,-798.6000000000095,-830.7000000000078,-4687.800000000031
1105,700,-565.4000000000038,-632.4999999999991,-647.2,-627.6999999999957,-665.7000000000077,-664.1000000000049,-3802.600000000011
1106,615,-497.8000000000053,-546.6000000000024,-551.0000000000003,-552.8,-528.2000000000033,-575.4000000000061,-3251.8000000000175
1107,520,-398.00000000000256,-448.3000000000015,-446.00000000000017,-440.69999999999897,-419.30000000000325,-465.5000000000048,-2617.800000000011
1108,805,-693.2000000000048,-772.6000000000025,-743.9999999999995,-776.0000000000047,-774.0000000000092,-785.1000000000065,-4544.900000000027
1109,621,-498.80000000000416,-570.8000000000001,-582.9000000000019,-592.4000000000015,-569.6000000000037,-573.3000000000009,-3387.800000000012
1111,533,-400.00000000000324,-453.19999999999925,-470.7999999999992,-445.39999999999844,-447.6000000000015,-436.00000000000273,-2653.0000000000045
1112,600,-493.00000000000506,-524.2999999999989,-540.800000000001,-516.4999999999962,-524.5000000000048,-552.1000000000066,-3151.2000000000126
1113,529,-394.40000000000265,-444.59999999999843,-457.5000000000014,-448.7999999999997,-428.2000000000015,-459.50000000000415,-2633.0000000000077
1114,889,-812.8000000000045,-872.4000000000055,-872.5000000000041,-841.7999999999979,-870.4000000000085,-868.8000000000067,-5138.700000000027
1115,665,-542.4000000000058,-595.7999999999994,-597.6999999999967,-599.4000000000018,-600.8000000000035,-613.700000000002,-3549.8000000000093
1116,612,-497.70000000000266,-573.8999999999995,-582.4999999999999,-565.8999999999957,-580.9000000000034,-563.700000000003,-3364.600000000004
1117,577,-469.4000000000045,-521.4000000000033,-535.5000000000032,-503.79999999999865,-509.4000000000048,-515.7000000000046,-3055.200000000019
1118,661,-544.5000000000033,-587.9999999999966,-604.8000000000003,-602.600000000002,-597.4000000000034,-610.7000000000068,-3548.0000000000123
1119,481,-359.60000000000167,-403.40000000000026,-406.89999999999804,-410.3999999999999,-388.4000000000035,-402.40000000000254,-2371.100000000006
1121,688,-574.2000000000007,-629.8999999999972,-655.6000000000013,-627.0999999999997,-656.700000000007,-609.2000000000036,-3752.70000000001
1122,793,-667.0000000000055,-741.4000000000007,-744.0000000000002,-723.6000000000014,-713.8000000000042,-766.0000000000059,-4355.8000000000175
1123,569,-437.10000000000247,-480.39999999999685,-507.19999999999845,-494.19999999999465,-491.8000000000009,-486.7000000000018,-2897.399999999995
1124,853,-727.2000000000054,-811.000000000003,-803.4999999999974,-813.6000000000038,-787.0000000000047,-843.3000000000081,-4785.600000000022
1125,713,-577.9000000000049,-644.7999999999996,-664.9000000000024,-644.999999999999,-652.0000000000061,-675.4000000000024,-3860.0000000000146
1126,568,-468.0000000000048,-503.10000000000076,-510.29999999999984,-503.29999999999944,-493.9000000000048,-514.0000000000055,-2992.6000000000154
1127,525,-414.6000000000027,-470.1999999999985,-460.4999999999973,-463.1999999999958,-462.0000000000016,-463.40000000000265,-2733.8999999999987
1128,783,-655.4000000000038,-731.2000000000003,-730.2000000000003,-749.8000000000022,-740.2000000000055,-765.7000000000032,-4372.5000000000155
1129,552,-436.4000000000036,-499.70000000000266,-490.3999999999995,-478.49999999999613,-482.9000000000035,-495.1000000000032,-2883.0000000000086
1131,900,-811.6000000000045,-846.900000000001,-858.4999999999995,-863.1000000000037,-866.9000000000063,-878.0000000000042,-5125.000000000019
1132,591,-482.40000000000265,-511.59999999999604,-530.8999999999986,-525.3999999999992,-546.0000000000014,-547.2000000000048,-3143.5000000000027
1133,459,-342.4000000000033,-399.00000000000284,-394.6999999999988,-380.19999999999914,-375.6000000000028,-385.5000000000028,-2277.4000000000096
1134,727,-601.7000000000049,-664.2000000000023,-663.3000000000019,-670.2000000000044,-656.0000000000072,-699.8000000000093,-3955.2000000000303
1135,505,-398.00000000000273,-437.79999999999797,-450.7999999999982,-432.7999999999972,-396.9999999999996,-413.20000000000215,-2529.5999999999976
1136,633,-500.8000000000042,-567.9999999999992,-587.3999999999999,-537.7999999999957,-564.0000000000003,-573.5000000000013,-3331.500000000001
1137,623,-508.80000000000365,-559.1999999999999,-557.1999999999998,-547.1999999999973,-556.6000000000017,-551.6000000000035,-3280.600000000006
1138,597,-475.50000000000284,-526.5999999999992,-526.7999999999948,-519.5999999999982,-521.6000000000024,-550.6000000000039,-3120.7000000000016
1139,878,-764.9000000000055,-839.900000000001,-842.4999999999968,-838.0999999999989,-846.9000000000066,-869.1000000000071,-5001.400000000016
1141,499,-390.2000000000045,-418.8000000000005,-432.7,-419.9999999999995,-390.8000000000009,-408.60000000000315,-2461.1000000000085
1142,628,-496.50000000000233,-561.899999999998,-566.2999999999971,-560.6999999999961,-581.3000000000015,-564.7000000000033,-3331.3999999999987
1143,510,-401.400000000002,-457.29999999999984,-456.1999999999998,-461.699999999998,-446.70000000000016,-445.00000000000307,-2668.300000000003
1144,866,-743.5000000000044,-799.0999999999977,-826.4000000000011,-804.3000000000005,-841.7000000000105,-850.4000000000109,-4865.400000000025
1145,757,-630.3000000000019,-699.5999999999995,-716.4999999999983,-702.0000000000009,-721.0000000000053,-733.2000000000078,-4202.600000000014
1146,866,-753.600000000007,-817.9000000000023,-835.7000000000041,-800.4999999999998,-829.7000000000062,-834.7000000000043,-4872.100000000024
1147,673,-558.7000000000066,-592.4000000000003,-613.1000000000032,-602.8000000000026,-594.2000000000047,-615.800000000007,-3577.0000000000246
1148,722,-592.9000000000026,-645.9000000000007,-654.7999999999994,-676.7000000000043,-658.7000000000029,-692.3000000000056,-3921.3000000000156
1149,693,-563.0000000000039,-629.8000000000004,-643.3000000000012,-616.1999999999964,-646.0000000000036,-661.0000000000055,-3759.300000000011
1151,545,-424.4000000000043,-475.80000000000007,-494.7999999999997,-452.59999999999707,-463.800000000002,-476.9000000000029,-2788.300000000006
1152,704,-579.1000000000028,-657.5000000000025,-655.2000000000033,-642.3000000000021,-666.7000000000056,-684.1000000000076,-3884.900000000024
1153,569,-470.3000000000046,-507.20000000000147,-515.599999999999,-491.19999999999607,-487.80000000000535,-496.200000000003,-2968.3000000000093
1154,585,-474.10000000000366,-526.2000000000008,-527.4000000000011,-514.0,-506.0000000000038,-524.3000000000052,-3072.0000000000146
1155,648,-526.9000000000037,-582.2999999999961,-602.6999999999988,-586.0999999999957,-597.9000000000007,-591.200000000002,-3487.099999999997
1156,654,-544.6000000000037,-576.899999999996,-600.6999999999975,-597.6999999999972,-590.2999999999992,-591.000000000006,-3501.1999999999994
1157,657,-548.9000000000035,-590.9999999999982,-625.7000000000008,-613.9999999999999,-620.4000000000052,-603.3000000000073,-3603.300000000015
1158,965,-825.9000000000033,-923.0000000000014,-956.6000000000043,-912.2000000000005,-945.2000000000122,-975.7000000000136,-5538.600000000036
1159,604,-515.2000000000041,-560.7000000000008,-548.0999999999982,-550.9000000000018,-561.5000000000052,-565.4000000000041,-3301.8000000000147
1161,762,-661.5999999999997,-687.2999999999987,-718.800000000001,-679.8999999999986,-687.7000000000019,-702.2000000000003,-4137.5
1162,601,-482.10000000000247,-535.3999999999995,-536.5000000000009,-514.7999999999972,-519.400000000003,-562.9000000000058,-3151.1000000000095
1163,557,-425.8000000000034,-479.1999999999997,-486.5000000000014,-479.79999999999933,-454.60000000000304,-486.50000000000466,-2812.4000000000115
1164,544,-428.40000000000094,-490.0999999999989,-485.1999999999987,-474.4999999999975,-482.10000000000343,-495.80000000000274,-2856.100000000002
1165,745,-600.5000000000034,-700.4000000000008,-723.9000000000027,-678.199999999998,-724.6000000000076,-740.7000000000069,-4168.300000000019
1166,718,-571.8000000000029,-690.300000000002,-694.900000000002,-685.9000000000011,-695.3000000000077,-711.7000000000025,-4049.900000000018
1167,715,-621.9000000000071,-663.8000000000004,-665.799999999997,-635.199999999997,-681.4000000000052,-708.5000000000064,-3976.600000000013
1168,498,-381.4000000000015,-425.90000000000015,-438.0999999999977,-433.09999999999576,-423.09999999999974,-432.50000000000205,-2534.0999999999967
1169,517,-399.80000000000365,-441.40000000000043,-443.19999999999766,-439.00000000000085,-430.6000000000037,-430.7000000000021,-2584.7000000000085
1171,636,-502.60000000000514,-559.6999999999992,-587.1999999999991,-547.2999999999973,-557.3000000000028,-549.3000000000045,-3303.400000000008
1172,635,-501.4000000000028,-557.9999999999978,-577.9000000000003,-559.7999999999969,-582.0000000000057,-593.200000000004,-3372.300000000007
1173,604,-461.50000000000256,-554.8999999999976,-553.8000000000009,-530.0999999999951,-522.900000000001,-522.5000000000049,-3145.700000000002
1174,906,-750.9000000000027,-857.3000000000019,-862.6000000000035,-874.6999999999982,-878.5000000000095,-883.1000000000048,-5107.100000000021
1175,814,-691.3000000000055,-748.0999999999979,-755.9999999999981,-774.7000000000052,-772.500000000009,-783.9000000000035,-4526.500000000019
1176,650,-542.5000000000036,-583.0999999999984,-583.4999999999992,-594.7000000000016,-588.1000000000056,-606.000000000006,-3497.9000000000146
1177,539,-415.5000000000021,-456.799999999999,-476.7000000000019,-460.79999999999757,-455.4000000000016,-456.10000000000326,-2721.300000000005
1178,797,-669.2000000000054,-714.7999999999944,-747.2000000000003,-747.000000000002,-747.4000000000062,-762.9000000000019,-4388.500000000009
1179,530,-436.40000000000424,-462.9000000000011,-474.8000000000018,-446.6999999999966,-422.49999999999795,-469.40000000000384,-2712.7000000000057
1181,910,-779.7000000000061,-883.7000000000022,-885.4000000000045,-866.7000000000003,-890.7000000000112,-924.8000000000103,-5231.000000000035
1182,762,-670.2000000000064,-707.3000000000015,-721.2000000000016,-680.0999999999918,-700.7000000000038,-684.9999999999987,-4164.500000000005
1183,613,-496.600000000004,-543.5999999999982,-582.0000000000016,-548.5999999999966,-575.4000000000054,-566.0000000000058,-3312.2000000000116
1184,488,-358.10000000000156,-413.69999999999936,-424.59999999999786,-415.2999999999988,-400.5000000000004,-403.20000000000283,-2415.400000000001
1185,674,-563.3000000000069,-615.5000000000001,-631.9,-587.6999999999952,-629.9000000000033,-649.8000000000048,-3678.1000000000104
1186,717,-583.8000000000011,-685.400000000002,-696.8000000000071,-661.3999999999988,-708.400000000006,-709.0000000000084,-4044.800000000023
1187,696,-577.5000000000058,-627.0999999999989,-653.9999999999978,-639.0999999999995,-651.3000000000038,-654.3000000000053,-3803.300000000011
1188,670,-524.0000000000027,-610.3000000000017,-630.5000000000045,-605.1000000000006,-601.100000000003,-633.0000000000036,-3604.0000000000164
1189,646,-522.1000000000048,-582.8999999999987,-569.1999999999975,-602.9000000000011,-574.5000000000007,-571.9000000000045,-3423.5000000000077
1191,634,-512.9000000000035,-575.6999999999998,-580.300000000002,-569.699999999997,-562.7000000000021,-594.8000000000067,-3396.100000000011
1192,778,-664.8000000000055,-717.4999999999995,-755.5000000000072,-727.7000000000041,-727.7000000000069,-723.5000000000065,-4316.70000000003
1193,708,-590.9000000000062,-644.7000000000003,-676.2000000000033,-646.6999999999997,-668.7000000000044,-636.0000000000051,-3863.200000000019
1194,841,-725.3000000000004,-790.1999999999988,-794.5999999999985,-787.7999999999979,-809.4000000000078,-845.0000000000059,-4752.300000000009
1195,634,-487.8000000000024,-581.6999999999994,-574.9999999999975,-575.9000000000026,-576.3000000000048,-593.300000000006,-3390.0000000000127
1196,533,-398.0000000000027,-452.7999999999996,-450.39999999999657,-456.79999999999677,-449.0000000000028,-451.80000000000337,-2658.800000000002
1197,673,-542.700000000006,-613.000000000001,-637.6000000000034,-603.5999999999985,-607.2000000000028,-637.7000000000031,-3641.800000000015
1198,542,-447.8000000000049,-492.49999999999886,-495.00000000000085,-480.6999999999996,-486.10000000000286,-495.20000000000454,-2897.3000000000116
1199,738,-599.4000000000041,-679.0999999999996,-706.4000000000036,-666.8999999999986,-705.9000000000045,-696.9000000000049,-4054.600000000016
1201,553,-443.5000000000038,-500.600000000001,-502.5000000000021,-487.60000000000116,-468.60000000000133,-471.800000000004,-2874.600000000013
1202,827,-694.4999999999985,-757.9999999999965,-815.1000000000058,-763.9999999999976,-794.6000000000109,-799.7000000000081,-4625.900000000018
1203,728,-613.8999999999997,-667.6999999999964,-685.299999999999,-637.2999999999961,-661.3000000000013,-675.8999999999996,-3941.3999999999924
1204,564,-457.20000000000465,-508.7000000000005,-498.7999999999997,-516.1000000000007,-496.9000000000027,-517.6000000000039,-2995.3000000000125
1205,511,-397.2000000000018,-453.00000000000045,-466.4000000000025,-445.7999999999982,-440.00000000000114,-438.30000000000217,-2640.700000000006
1206,678,-558.7000000000043,-620.4999999999974,-626.3999999999957,-607.8999999999949,-617.7,-631.6000000000005,-3662.799999999992
1207,580,-470.500000000005,-507.700000000001,-507.5000000000007,-491.0999999999977,-478.50000000000176,-515.1000000000038,-2970.4000000000096
1208,1015,-857.0000000000042,-962.2000000000007,-971.8000000000012,-987.8000000000034,-1033.6000000000145,-1049.3000000000102,-5861.7000000000335
1209,760,-657.1000000000067,-698.4999999999976,-712.5000000000019,-704.2999999999989,-723.7000000000072,-757.3000000000101,-4253.400000000022
1211,740,-618.5000000000074,-688.7000000000003,-693.1000000000018,-685.700000000002,-673.1000000000059,-703.3000000000084,-4062.4000000000256
1212,603,-495.9000000000039,-542.9999999999986,-550.3999999999993,-527.1999999999962,-565.8000000000048,-565.5000000000041,-3247.800000000007
1213,701,-557.2000000000025,-632.1999999999988,-632.1000000000007,-643.8000000000023,-632.2000000000047,-653.4000000000046,-3750.900000000014
1214,876,-778.0000000000055,-803.3000000000003,-832.2000000000024,-808.099999999999,-827.7000000000057,-865.3000000000061,-4914.600000000019
1215,696,-585.9000000000043,-655.7000000000012,-637.5999999999991,-635.6999999999971,-667.7000000000068,-678.3000000000085,-3860.9000000000165
1216,695,-564.6000000000054,-634.6000000000017,-667.0000000000068,-641.0000000000015,-634.8000000000069,-632.5000000000057,-3774.500000000028
1217,587,-443.20000000000243,-524.6,-526.899999999999,-501.59999999999735,-513.2,-530.8000000000037,-3040.300000000003
1218,553,-431.0000000000039,-473.59999999999826,-478.39999999999907,-476.7999999999994,-486.000000000002,-489.40000000000384,-2835.200000000006
1219,765,-647.3000000000064,-719.8000000000006,-740.7000000000025,-690.5999999999979,-727.8000000000065,-732.6000000000073,-4258.800000000022
1221,640,-526.3000000000047,-594.5000000000028,-607.500000000003,-604.9000000000026,-599.7000000000069,-607.3000000000062,-3540.2000000000257
1222,889,-792.8000000000096,-839.0000000000022,-854.7000000000039,-823.799999999999,-875.8000000000106,-863.1000000000106,-5049.200000000036
1223,724,-552.4000000000024,-656.5000000000002,-681.7000000000008,-659.6999999999971,-662.5000000000036,-686.3000000000061,-3899.1000000000104
1224,1033,-945.1000000000084,-988.0000000000035,-1018.2000000000046,-945.3999999999977,-999.8000000000095,-1021.9000000000118,-5918.400000000035
1225,510,-382.90000000000236,-434.6999999999969,-440.19999999999754,-440.10000000000105,-424.9000000000009,-432.0000000000036,-2554.8000000000025
1226,545,-424.40000000000373,-497.39999999999947,-502.00000000000256,-491.2000000000005,-483.2000000000029,-513.1000000000043,-2911.3000000000134
1227,818,-694.0000000000023,-761.4999999999966,-775.1999999999982,-761.1000000000021,-768.300000000006,-789.9000000000101,-4550.0000000000155
1228,637,-517.9000000000045,-582.9999999999987,-585.2,-573.199999999999,-600.4000000000012,-586.800000000003,-3446.5000000000064
1229,514,-414.800000000004,-445.9000000000019,-449.8999999999992,-438.09999999999945,-410.3000000000018,-429.7000000000039,-2588.7000000000103
1231,534,-404.300000000003,-461.49999999999955,-475.2000000000007,-461.2999999999987,-453.50000000000085,-486.00000000000296,-2741.8000000000056
1232,695,-604.3000000000068,-637.800000000001,-658.8000000000053,-623.6000000000009,-645.6000000000072,-660.6000000000058,-3830.7000000000266
1233,520,-390.7000000000024,-471.30000000000075,-475.4000000000013,-464.70000000000005,-451.10000000000275,-473.50000000000483,-2726.700000000012
1234,500,-383.5000000000023,-442.49999999999886,-434.900000000001,-446.7000000000016,-435.90000000000214,-451.9000000000025,-2595.4000000000083
1235,654,-547.1000000000047,-589.2999999999986,-622.9000000000049,-578.6999999999994,-598.1000000000045,-569.4000000000062,-3505.500000000018
1236,601,-476.1000000000046,-533.8000000000004,-533.2000000000012,-521.7999999999998,-520.8000000000045,-521.2000000000052,-3106.900000000016
1237,620,-520.300000000004,-553.8999999999987,-572.099999999996,-552.2999999999979,-541.7000000000023,-545.4000000000044,-3285.7000000000035
1238,858,-719.1000000000041,-794.899999999999,-820.6000000000032,-810.1000000000004,-841.7000000000087,-851.6000000000064,-4838.000000000022
1239,633,-522.1000000000035,-564.1999999999974,-571.4999999999994,-563.1999999999952,-571.2000000000033,-599.7000000000049,-3391.900000000004
1241,668,-567.800000000005,-593.4999999999985,-621.300000000002,-619.5000000000013,-579.699999999999,-609.3000000000035,-3591.100000000009
1242,650,-528.9000000000034,-602.1,-588.5999999999989,-589.3000000000019,-608.7000000000023,-609.4000000000019,-3527.0000000000086
1243,563,-446.0000000000041,-510.2000000000014,-500.89999999999696,-496.3999999999985,-489.4000000000038,-511.00000000000176,-2953.9000000000065
1244,609,-482.8000000000029,-529.9999999999962,-543.3999999999971,-523.9999999999948,-550.2000000000003,-554.2000000000037,-3184.599999999995
1245,790,-676.5000000000024,-744.6999999999998,-760.1000000000016,-744.2999999999986,-764.3000000000059,-763.5000000000039,-4453.4000000000115
1246,581,-448.200000000004,-521.5999999999979,-519.3999999999966,-513.3999999999937,-528.4000000000016,-536.8000000000005,-3067.7999999999943
1247,553,-431.5000000000042,-478.8000000000008,-492.00000000000125,-468.1999999999975,-465.40000000000316,-478.8000000000041,-2814.700000000011
1248,668,-537.6000000000049,-594.4999999999992,-621.3000000000006,-615.2999999999997,-590.5000000000017,-610.6000000000058,-3569.800000000012
1249,551,-433.40000000000293,-484.1999999999981,-497.8999999999993,-505.59999999999883,-478.00000000000284,-504.2000000000034,-2903.3000000000056
1251,597,-447.90000000000316,-511.1999999999974,-538.7000000000019,-506.3999999999955,-516.0000000000015,-503.00000000000523,-3023.2000000000044
1252,848,-734.0999999999993,-821.7000000000004,-823.4000000000021,-806.0999999999977,-823.9000000000076,-849.8000000000063,-4859.000000000014
1253,680,-556.200000000005,-609.8999999999996,-637.000000000004,-615.6999999999997,-611.5000000000055,-647.1000000000055,-3677.400000000019
1254,553,-445.8000000000034,-493.0000000000014,-501.79999999999853,-479.59999999999656,-462.4000000000021,-505.60000000000315,-2888.200000000005
1255,612,-492.7000000000026,-538.6999999999977,-531.7999999999975,-530.0999999999949,-512.8999999999985,-539.3000000000028,-3145.4999999999945
1256,715,-556.3000000000026,-655.7999999999973,-667.0000000000019,-665.6000000000012,-690.8000000000061,-681.8000000000083,-3917.3000000000175
1257,677,-510.40000000000214,-607.6000000000008,-619.1000000000023,-617.6000000000001,-613.8000000000044,-621.5000000000058,-3590.0000000000155
1258,626,-476.20000000000397,-568.9000000000013,-573.0999999999996,-569.2999999999986,-575.7000000000069,-577.3000000000055,-3340.5000000000164
1259,696,-593.2000000000054,-640.3000000000011,-653.9000000000035,-622.0999999999992,-600.1000000000017,-602.3000000000071,-3711.900000000018
1261,544,-420.8000000000037,-465.90000000000043,-476.5999999999984,-471.9000000000008,-447.50000000000176,-476.10000000000485,-2758.8000000000097
1262,643,-523.5000000000034,-573.4000000000002,-584.9999999999992,-572.800000000001,-577.6000000000037,-571.2000000000071,-3403.5000000000146
1263,531,-389.4000000000025,-452.00000000000034,-472.3000000000006,-445.199999999997,-437.0000000000013,-447.4000000000046,-2643.3000000000065
1264,833,-679.8000000000048,-801.800000000004,-802.4000000000066,-801.8000000000055,-827.400000000011,-834.4000000000076,-4747.6000000000395
1265,878,-729.4000000000048,-821.5000000000009,-842.2000000000021,-820.2999999999995,-875.5000000000125,-888.5000000000138,-4977.400000000033
1266,874,-751.2000000000085,-800.5000000000008,-814.4000000000019,-835.1000000000074,-831.5000000000113,-859.2000000000127,-4891.900000000043
1267,532,-405.8000000000035,-461.7000000000021,-447.9999999999989,-439.69999999999743,-428.7000000000031,-471.40000000000333,-2655.3000000000084
1268,642,-528.0000000000052,-579.299999999997,-615.8999999999995,-577.2999999999957,-600.1000000000037,-622.2000000000045,-3522.800000000005
1269,751,-609.5000000000049,-705.8000000000019,-716.7000000000053,-678.5999999999954,-703.2000000000045,-719.4000000000067,-4133.200000000019
1271,653,-525.5000000000036,-602.9999999999991,-601.8000000000003,-595.8000000000005,-613.4000000000043,-612.8000000000065,-3552.3000000000143
1272,554,-455.90000000000396,-502.70000000000124,-492.0999999999964,-479.29999999999563,-487.70000000000147,-508.5000000000035,-2926.2000000000025
1273,536,-414.2000000000036,-457.5,-458.2999999999971,-461.69999999999953,-459.5000000000009,-481.0000000000027,-2732.2000000000044
1274,537,-440.8000000000032,-472.39999999999986,-472.0999999999976,-470.3999999999981,-454.79999999999865,-477.0000000000031,-2787.5000000000005
1275,677,-549.2000000000043,-615.8000000000003,-613.1,-596.5999999999965,-614.4000000000074,-634.600000000006,-3623.7000000000144
1276,971,-861.6000000000054,-937.000000000003,-938.6,-932.0000000000033,-955.8000000000111,-985.8000000000106,-5610.800000000034
1277,730,-617.7000000000049,-669.9000000000017,-667.2999999999989,-657.6999999999989,-678.1000000000049,-689.4000000000041,-3980.1000000000136
1278,681,-585.8000000000029,-633.5999999999962,-635.9999999999964,-624.1999999999947,-619.8000000000014,-637.799999999999,-3737.1999999999907
1279,922,-778.6000000000013,-879.0999999999995,-902.4000000000012,-872.8999999999977,-898.700000000009,-906.4000000000077,-5238.100000000017
1281,512,-366.8000000000018,-432.1000000000006,-448.7000000000021,-421.0999999999968,-408.70000000000016,-440.30000000000274,-2517.7000000000044
1282,472,-367.2000000000028,-417.0999999999997,-431.6999999999998,-404.49999999999767,-400.9000000000021,-419.20000000000095,-2440.600000000003
1283,639,-530.5000000000039,-575.4000000000015,-578.1999999999999,-571.4000000000016,-586.6000000000049,-565.2000000000041,-3407.3000000000156
1284,522,-382.10000000000207,-445.3000000000003,-465.5,-441.4999999999997,-430.10000000000207,-441.0000000000032,-2605.5000000000073
1285,643,-513.4000000000054,-600.8000000000025,-592.8999999999992,-566.3999999999993,-594.200000000005,-614.0000000000063,-3481.700000000018
1286,501,-391.20000000000374,-420.7999999999984,-434.6999999999972,-426.3999999999995,-428.20000000000283,-445.70000000000186,-2547.0000000000036
1287,584,-497.8000000000052,-546.3000000000001,-558.7000000000024,-535.0999999999995,-555.5000000000057,-555.1000000000035,-3248.500000000017
1288,536,-400.8000000000025,-458.29999999999933,-499.600000000005,-445.4999999999968,-436.90000000000026,-461.70000000000397,-2702.800000000008
1289,672,-526.4000000000037,-605.7000000000004,-621.7999999999997,-600.1000000000018,-606.1000000000057,-609.1000000000079,-3569.200000000019
1291,579,-468.2000000000046,-504.60000000000076,-523.7000000000013,-482.1999999999964,-497.6000000000039,-485.8000000000051,-2962.100000000012
1292,551,-433.60000000000304,-498.9999999999995,-477.59999999999746,-471.5999999999967,-474.8000000000002,-497.5000000000033,-2854.1
1293,532,-416.8000000000039,-457.4999999999996,-477.6000000000017,-461.0999999999974,-463.9000000000024,-457.60000000000286,-2734.500000000008
1294,631,-528.8000000000035,-555.5999999999954,-564.1999999999989,-572.7999999999992,-565.8000000000038,-591.9000000000061,-3379.1000000000067
1295,557,-447.3000000000044,-498.9999999999989,-506.99999999999955,-490.39999999999725,-517.8000000000025,-507.6000000000029,-2969.100000000006
1296,718,-623.8000000000043,-671.9000000000018,-673.4000000000008,-674.9000000000009,-681.7000000000056,-679.7000000000044,-4005.400000000018
1297,612,-477.80000000000337,-538.8999999999977,-577.6000000000056,-545.6999999999989,-543.5000000000033,-540.100000000006,-3223.600000000015
1298,689,-569.1000000000046,-622.1999999999972,-663.0000000000026,-631.5999999999985,-661.600000000005,-651.4000000000052,-3798.900000000013
1299,566,-439.4000000000033,-491.2999999999987,-501.59999999999553,-495.6999999999975,-479.2999999999991,-493.5000000000026,-2900.799999999997
1301,604,-489.6000000000037,-535.2999999999996,-546.799999999999,-532.3,-524.3000000000012,-540.1000000000028,-3168.400000000006
1302,560,-420.3000000000016,-488.69999999999936,-505.2000000000012,-486.50000000000017,-475.70000000000374,-504.80000000000445,-2881.2000000000103
1303,678,-595.9000000000062,-634.1000000000037,-637.1000000000006,-614.4999999999983,-621.5000000000065,-644.100000000008,-3747.2000000000235
1304,522,-398.3000000000039,-449.29999999999944,-461.099999999999,-453.90000000000015,-425.9000000000005,-468.90000000000515,-2657.400000000008
1305,740,-624.3000000000059,-687.900000000002,-700.9000000000048,-705.5000000000039,-716.5000000000068,-716.6000000000032,-4151.700000000027
1306,700,-579.200000000007,-623.7000000000011,-641.700000000001,-616.4999999999972,-628.9000000000042,-663.7000000000023,-3753.7000000000126
1307,728,-591.6000000000017,-670.9000000000001,-675.2999999999976,-687.100000000003,-650.1000000000013,-662.7000000000028,-3937.700000000006
1308,605,-488.4000000000034,-562.5999999999983,-551.0999999999992,-565.6000000000024,-564.6000000000029,-553.8000000000042,-3286.100000000011
1309,488,-380.00000000000375,-428.1000000000005,-415.1999999999976,-422.50000000000017,-416.700000000002,-452.10000000000275,-2514.6000000000067
1311,656,-539.100000000005,-598.7000000000018,-598.8000000000003,-593.9000000000015,-591.7000000000065,-635.2000000000062,-3557.4000000000215
1312,585,-435.70000000000135,-507.9999999999989,-537.0999999999983,-493.79999999999745,-503.2000000000045,-515.9000000000045,-2993.7000000000053
1313,568,-464.5000000000028,-507.10000000000156,-502.49999999999835,-489.2999999999957,-485.3000000000014,-520.1000000000017,-2968.8000000000015
1314,773,-629.8000000000062,-705.4000000000024,-733.8000000000044,-700.5999999999962,-687.4000000000033,-692.7000000000072,-4149.70000000002
1315,840,-695.3000000000067,-795.3000000000051,-814.5000000000097,-767.3000000000014,-803.7000000000091,-800.3000000000081,-4676.400000000041
1316,652,-537.3000000000033,-605.099999999998,-602.6999999999987,-628.7000000000013,-611.1000000000051,-610.1000000000025,-3595.0000000000086
1317,814,-718.3000000000077,-769.7000000000008,-761.6999999999995,-795.1000000000024,-800.5000000000076,-814.7000000000074,-4660.0000000000255
1318,680,-562.0000000000039,-634.4999999999972,-630.0999999999979,-639.2999999999978,-647.7000000000064,-661.2999999999995,-3774.9000000000024
1319,640,-514.9000000000041,-580.5000000000014,-585.800000000002,-557.0999999999979,-567.5000000000008,-579.9000000000028,-3385.7000000000094
1321,567,-438.0000000000034,-505.99999999999994,-496.59999999999866,-482.59999999999695,-480.200000000002,-501.0000000000032,-2904.400000000004
1322,670,-550.5000000000045,-612.1000000000009,-624.7000000000021,-614.3000000000012,-596.1000000000029,-610.1000000000059,-3607.8000000000175
1323,609,-485.30000000000445,-514.5999999999954,-554.799999999996,-543.5999999999975,-522.9999999999998,-530.1000000000038,-3151.399999999997
1324,733,-607.0000000000053,-664.7999999999995,-695.2000000000031,-685.3999999999996,-678.0000000000075,-686.2000000000082,-4016.600000000023
1325,705,-560.1000000000035,-619.9999999999985,-639.8999999999971,-609.1999999999939,-671.2000000000039,-652.1000000000029,-3752.5
1326,651,-526.3000000000037,-580.1999999999986,-618.5000000000049,-583.9999999999997,-586.800000000003,-610.6000000000072,-3506.400000000017
1327,629,-519.8000000000047,-560.4000000000008,-578.5000000000026,-545.7999999999959,-539.6000000000045,-545.1000000000067,-3289.200000000015
1328,525,-419.1000000000032,-479.79999999999967,-463.59999999999707,-456.3999999999972,-474.0000000000016,-498.60000000000366,-2791.5000000000023
1329,827,-699.900000000003,-789.0000000000005,-799.6000000000012,-772.9999999999991,-811.6000000000081,-820.1000000000083,-4693.20000000002
1331,643,-516.900000000005,-573.5999999999977,-588.5999999999964,-562.3999999999957,-578.4000000000009,-608.8000000000029,-3428.6999999999985
1332,510,-387.7000000000029,-448.90000000000026,-450.1999999999988,-441.4999999999992,-430.9000000000007,-450.70000000000334,-2609.900000000005
1333,795,-694.7000000000055,-723.7999999999975,-745.4999999999986,-744.1999999999995,-759.0000000000061,-762.5000000000068,-4429.7000000000135
1334,818,-710.0000000000041,-761.4999999999992,-779.4000000000008,-777.1000000000017,-772.7000000000032,-781.5999999999998,-4582.300000000008
1335,566,-447.6000000000047,-493.0999999999987,-524.0000000000023,-503.3000000000009,-496.3000000000027,-484.9000000000046,-2949.200000000014
1336,651,-538.2000000000058,-581.9999999999986,-596.9000000000008,-570.9999999999987,-586.4000000000037,-609.4000000000073,-3483.900000000015
1337,683,-561.4000000000045,-612.4,-640.7000000000041,-613.2000000000003,-633.4000000000057,-633.4000000000007,-3694.500000000015
1338,580,-491.200000000006,-512.4999999999994,-516.1999999999966,-522.1000000000018,-514.9000000000043,-540.0000000000053,-3096.9000000000137
1339,825,-708.3000000000058,-792.6000000000023,-793.0000000000031,-804.2000000000056,-793.2000000000074,-812.2000000000052,-4703.500000000029
1341,774,-660.6000000000038,-721.7000000000045,-748.6000000000079,-697.1,-695.1000000000058,-720.5000000000051,-4243.600000000027
1342,701,-554.2000000000036,-637.9999999999989,-672.2000000000008,-627.7999999999934,-669.6000000000084,-646.3000000000029,-3808.100000000008
1343,521,-402.4000000000026,-453.59999999999934,-452.49999999999966,-444.5999999999991,-433.20000000000124,-443.5000000000023,-2629.8000000000043
1344,693,-584.7000000000053,-627.1999999999994,-641.8999999999995,-636.8000000000028,-626.4000000000032,-669.8000000000051,-3786.8000000000156
1345,717,-607.7000000000062,-657.8000000000028,-681.4000000000054,-623.9999999999952,-651.0000000000066,-668.900000000009,-3890.8000000000247
1346,668,-547.0000000000036,-603.700000000001,-615.7000000000033,-614.500000000002,-591.100000000005,-637.4000000000088,-3609.4000000000233
1347,576,-446.30000000000257,-522.4999999999998,-520.7000000000019,-502.6999999999981,-508.3000000000023,-514.4000000000051,-3014.9000000000096
1348,592,-475.400000000003,-535.2999999999987,-533.899999999997,-526.899999999998,-547.7000000000021,-553.4000000000035,-3172.600000000002
1349,495,-346.5000000000013,-421.1999999999992,-427.49999999999955,-415.59999999999764,-389.79999999999865,-431.90000000000236,-2432.4999999999986
1351,483,-383.1000000000013,-427.40000000000157,-414.39999999999833,-414.9999999999984,-403.800000000001,-414.5000000000023,-2458.200000000003
1352,791,-670.7000000000046,-712.7999999999969,-731.7999999999995,-738.200000000002,-773.8000000000101,-768.7000000000033,-4396.000000000016
1353,847,-694.5000000000063,-791.0000000000014,-799.600000000002,-831.400000000006,-832.2000000000096,-840.7000000000082,-4789.400000000033
1354,659,-507.3000000000046,-589.8000000000004,-589.2999999999995,-583.1999999999992,-583.4000000000046,-599.2000000000054,-3452.2000000000135
1355,618,-506.400000000004,-564.2999999999986,-568.1999999999986,-543.6999999999954,-566.3000000000011,-552.0000000000022,-3300.8999999999996
1356,883,-764.4000000000012,-836.800000000001,-873.2000000000047,-831.1999999999986,-830.400000000007,-844.7000000000039,-4980.700000000017
1357,700,-598.400000000006,-656.7000000000032,-648.4000000000025,-639.8999999999994,-659.7000000000066,-682.7000000000052,-3885.8000000000234
1358,641,-504.30000000000405,-562.9999999999956,-593.9999999999972,-574.7999999999972,-587.0000000000027,-564.6000000000029,-3387.7
1359,588,-470.6000000000029,-522.499999999999,-527.499999999996,-527.0999999999959,-523.3000000000015,-502.5000000000021,-3073.4999999999977
1361,519,-412.90000000000396,-449.1999999999991,-458.19999999999897,-450.7999999999975,-434.6000000000007,-461.4000000000023,-2667.1000000000026
1362,484,-371.10000000000224,-412.49999999999966,-420.5999999999991,-408.69999999999897,-400.89999999999986,-423.3000000000025,-2437.1000000000026
1363,812,-725.2000000000029,-735.6999999999994,-749.7000000000005,-744.7000000000014,-747.5000000000077,-790.2000000000075,-4493.00000000002
1364,646,-510.60000000000525,-577.6999999999989,-580.2999999999973,-568.8999999999963,-547.2999999999994,-587.4000000000045,-3372.200000000002
1365,723,-598.5000000000038,-672.4000000000001,-679.1000000000017,-657.5999999999974,-667.4000000000029,-680.4000000000027,-3955.4000000000087
1366,632,-486.60000000000423,-561.699999999998,-578.8000000000012,-548.299999999997,-572.5000000000034,-582.0000000000051,-3329.900000000009
1367,576,-460.3000000000035,-521.8999999999995,-536.7000000000022,-515.1,-515.9000000000059,-517.7000000000049,-3067.600000000016
1368,589,-450.40000000000265,-499.5999999999977,-544.100000000001,-498.1999999999976,-514.2000000000025,-513.800000000005,-3020.3000000000065
1369,778,-641.8000000000051,-720.4999999999969,-717.9000000000011,-722.9000000000007,-717.7000000000032,-741.8000000000026,-4262.6000000000095
1371,790,-662.2000000000049,-701.2999999999943,-745.9999999999993,-759.4999999999995,-756.5000000000056,-768.7000000000071,-4394.20000000001
1372,690,-538.8000000000021,-625.8999999999977,-643.1999999999995,-644.2999999999995,-630.3000000000039,-654.0000000000043,-3736.5000000000073
1373,689,-537.9000000000032,-622.1999999999989,-631.0000000000013,-624.2000000000005,-623.6000000000033,-637.1000000000032,-3676.00000000001
1374,819,-702.6000000000059,-797.0000000000055,-786.9000000000017,-783.8000000000031,-786.0000000000091,-808.1000000000067,-4664.4000000000315
1375,749,-606.9000000000026,-714.8,-724.200000000002,-698.7999999999997,-714.2000000000065,-742.8000000000068,-4201.700000000018
1376,579,-472.70000000000255,-513.200000000001,-524.1000000000006,-499.1999999999961,-495.200000000005,-507.1000000000028,-3011.5000000000077
1377,534,-417.30000000000246,-488.10000000000474,-469.99999999999915,-481.30000000000103,-469.1000000000041,-490.4000000000031,-2816.200000000015
1378,622,-484.6000000000041,-551.8999999999991,-580.7999999999994,-553.9000000000007,-564.1000000000039,-551.5000000000047,-3286.8000000000116
1379,1063,-998.4000000000109,-1020.200000000004,-1057.7000000000016,-1007.6000000000037,-1044.0000000000084,-1068.5000000000118,-6196.400000000041
1381,528,-389.50000000000364,-455.10000000000053,-458.1999999999991,-449.8999999999984,-425.5000000000013,-468.60000000000326,-2646.800000000006
1382,792,-663.2000000000041,-728.4999999999999,-758.5000000000027,-744.4999999999994,-753.5000000000053,-779.7000000000098,-4427.9000000000215
1383,710,-615.7000000000077,-645.3000000000012,-640.0999999999981,-668.3000000000058,-639.5000000000083,-666.9000000000086,-3875.8000000000297
1384,681,-566.800000000005,-614.9999999999989,-617.0999999999974,-629.400000000001,-627.0000000000044,-627.800000000003,-3683.1000000000095
1385,554,-452.8000000000038,-505.6999999999985,-513.4999999999997,-511.899999999998,-515.1000000000016,-531.8000000000029,-3030.8000000000043
1386,744,-608.2000000000038,-687.5000000000018,-713.3000000000045,-678.6999999999999,-700.5000000000052,-702.0000000000053,-4090.2000000000207
1387,468,-343.4000000000033,-410.69999999999976,-404.7999999999985,-393.49999999999886,-385.5000000000012,-394.4000000000026,-2332.300000000004
1388,556,-434.3000000000036,-479.49999999999864,-512.7000000000019,-483.70000000000084,-475.3000000000016,-481.800000000004,-2867.30000000001
1389,534,-430.0000000000041,-469.29999999999984,-491.0000000000038,-447.0999999999969,-456.70000000000334,-476.9000000000054,-2771.0000000000136
1391,567,-462.70000000000425,-507.59999999999997,-529.7999999999981,-497.7999999999956,-495.6000000000015,-514.6000000000059,-3008.1000000000054
1392,628,-510.8000000000038,-581.500000000003,-572.6999999999998,-582.100000000002,-566.5000000000041,-574.9000000000033,-3388.500000000016
1393,536,-405.20000000000164,-480.5,-493.9000000000036,-464.0999999999986,-471.7000000000003,-486.80000000000143,-2802.2000000000057
1394,720,-604.2000000000039,-648.899999999998,-692.3000000000029,-665.7000000000007,-682.300000000006,-667.1000000000037,-3960.5000000000155
1395,656,-534.1000000000037,-602.4999999999997,-627.4000000000045,-604.0999999999966,-613.1000000000038,-610.4000000000077,-3591.600000000016
1396,899,-808.000000000003,-838.7999999999993,-859.5999999999991,-853.2000000000028,-893.2000000000102,-889.2000000000049,-5142.000000000019
1397,733,-599.7000000000043,-675.4000000000008,-696.8000000000023,-630.5999999999945,-682.6000000000071,-697.6000000000053,-3982.7000000000144
1398,716,-589.3000000000065,-654.1000000000008,-664.7000000000015,-637.2999999999979,-642.7000000000041,-668.700000000005,-3856.8000000000166
1399,839,-737.7000000000062,-786.200000000001,-806.2000000000028,-796.8000000000042,-767.0000000000066,-797.7000000000102,-4691.60000000003
1401,587,-477.600000000005,-525.2000000000002,-539.8000000000025,-505.1999999999966,-512.8000000000005,-534.4000000000028,-3095.0000000000077
1402,631,-520.5000000000047,-561.8000000000008,-564.6999999999986,-589.4000000000046,-565.200000000003,-597.9000000000051,-3399.500000000017
1403,613,-479.9000000000038,-540.199999999998,-554.9999999999994,-531.9999999999961,-555.9999999999994,-552.2000000000035,-3215.3000000000006
1404,493,-379.40000000000236,-423.99999999999875,-434.6999999999992,-435.00000000000114,-436.20000000000215,-437.8000000000025,-2547.1000000000063
1405,568,-456.6000000000012,-511.2999999999995,-526.7999999999993,-488.6999999999971,-529.700000000002,-531.5000000000047,-3044.6000000000035
1406,810,-757.0000000000093,-754.9000000000003,-751.0999999999995,-759.7000000000019,-765.9000000000075,-803.6000000000106,-4592.200000000029
1407,695,-539.2000000000047,-644.2000000000036,-649.2999999999976,-627.4000000000005,-627.0000000000039,-658.1000000000033,-3745.2000000000135
1408,543,-439.10000000000497,-481.20000000000044,-489.7000000000003,-475.40000000000083,-474.6000000000046,-493.90000000000276,-2853.9000000000137
1409,771,-682.5000000000086,-702.7999999999997,-725.4000000000033,-717.8000000000048,-718.800000000006,-726.3000000000046,-4273.600000000027
1411,690,-565.000000000002,-626.8999999999977,-654.0000000000052,-620.2999999999984,-639.5000000000026,-657.2000000000041,-3762.9000000000106
1412,622,-476.90000000000424,-549.8999999999999,-565.7999999999994,-526.2999999999953,-545.5000000000002,-568.5000000000028,-3232.9000000000015
1413,574,-447.4000000000025,-505.49999999999875,-498.8999999999987,-511.10000000000025,-492.1000000000038,-517.7000000000044,-2972.700000000008
1414,564,-425.20000000000175,-490.2999999999986,-486.59999999999917,-486.0999999999989,-498.30000000000456,-490.0000000000036,-2876.500000000007
1415,589,-479.8000000000045,-526.0000000000019,-530.5999999999998,-504.9999999999964,-527.800000000006,-535.2000000000068,-3104.400000000015
1416,555,-455.3000000000051,-492.9999999999992,-480.3999999999986,-501.600000000001,-473.80000000000337,-504.4000000000044,-2908.500000000012
1417,737,-597.7999999999997,-674.7999999999978,-695.2000000000006,-692.6000000000021,-704.600000000005,-707.9000000000062,-4072.9000000000115
1418,640,-554.3000000000045,-589.0999999999988,-582.0999999999971,-591.6999999999991,-617.7000000000069,-607.3000000000061,-3542.200000000013
1419,713,-590.3000000000003,-645.7999999999959,-662.7000000000022,-665.8000000000013,-665.4000000000073,-685.0000000000045,-3915.0000000000114
1421,946,-847.1000000000093,-903.3000000000012,-897.4999999999968,-892.2999999999982,-944.500000000011,-947.0000000000092,-5431.700000000026
1422,758,-641.8000000000022,-711.4999999999992,-705.4999999999983,-712.2999999999978,-735.7000000000054,-734.8000000000063,-4241.6000000000095
1423,677,-547.0000000000047,-595.9999999999978,-615.1000000000008,-622.1999999999953,-614.4000000000007,-631.5000000000011,-3626.2
1424,560,-444.6000000000034,-487.8999999999978,-501.89999999999577,-499.29999999999865,-516.5000000000009,-487.9000000000038,-2938.1
1425,766,-624.9999999999983,-719.5000000000009,-728.0999999999995,-689.8999999999969,-703.9000000000029,-725.4000000000025,-4191.800000000001
1426,908,-775.3000000000054,-861.9,-895.500000000008,-821.8999999999962,-893.1000000000122,-939.8000000000131,-5187.500000000035
1427,755,-612.5000000000044,-688.399999999997,-723.7000000000019,-692.1999999999981,-699.4000000000045,-716.0000000000059,-4132.200000000012
1428,656,-542.9000000000059,-591.8999999999997,-585.3999999999967,-601.3000000000029,-594.3000000000028,-600.9000000000045,-3516.700000000013
1429,846,-745.2000000000053,-808.4999999999999,-821.7000000000035,-820.7000000000018,-847.7000000000112,-878.3000000000122,-4922.100000000034
1431,540,-395.40000000000225,-454.69999999999726,-476.60000000000053,-455.0999999999986,-443.90000000000043,-470.20000000000215,-2695.900000000001
1432,574,-431.30000000000274,-502.899999999999,-515.3000000000001,-504.69999999999754,-511.7000000000026,-531.4000000000023,-2997.3000000000043
1433,595,-485.7000000000036,-548.999999999998,-554.7999999999993,-527.5999999999945,-561.000000000003,-546.5000000000034,-3224.600000000002
1434,642,-556.3000000000048,-586.8999999999991,-595.1,-584.4999999999994,-597.5000000000024,-589.400000000003,-3509.700000000009
1435,854,-749.1000000000028,-799.9000000000015,-828.1000000000021,-819.9000000000037,-841.7000000000112,-834.3000000000064,-4873.000000000027
1436,488,-370.3000000000038,-419.30000000000217,-425.6999999999995,-406.0999999999983,-390.90000000000265,-406.1000000000033,-2418.4000000000096
1437,650,-558.6000000000047,-570.0999999999985,-593.3000000000005,-576.1000000000005,-567.9000000000041,-610.6000000000023,-3476.6000000000104
1438,589,-454.60000000000366,-510.20000000000056,-523.0999999999979,-503.599999999997,-514.4000000000019,-523.2000000000044,-3029.1000000000054
1439,837,-725.2000000000069,-786.6000000000005,-819.6000000000018,-771.3999999999976,-798.4000000000084,-783.6000000000016,-4684.800000000017
1441,575,-436.2000000000024,-509.39999999999947,-522.0000000000011,-490.9999999999981,-492.8000000000016,-504.40000000000265,-2955.8000000000056
1442,802,-646.3000000000021,-747.100000000002,-743.0000000000006,-754.5000000000039,-761.500000000003,-793.9000000000066,-4446.300000000018
1443,707,-586.3000000000052,-645.1999999999975,-675.3999999999993,-642.3999999999974,-671.4000000000049,-675.6000000000042,-3896.3000000000084
1444,544,-454.10000000000264,-484.1000000000003,-501.5000000000012,-472.49999999999847,-476.6999999999997,-476.00000000000273,-2864.900000000005
1445,574,-454.4000000000026,-504.2999999999998,-501.1999999999978,-513.6999999999961,-487.9000000000011,-520.800000000003,-2982.3
1446,662,-540.7000000000025,-620.4999999999983,-624.4999999999981,-609.4999999999951,-610.7000000000013,-603.5999999999974,-3609.4999999999927
1447,535,-413.1000000000028,-467.00000000000114,-474.19999999999595,-456.9999999999998,-447.6000000000004,-464.70000000000374,-2723.600000000004
1448,663,-526.8000000000036,-604.9999999999995,-614.6999999999977,-627.8000000000014,-587.4000000000009,-626.9000000000017,-3588.600000000005
1449,683,-545.600000000001,-621.9999999999982,-639.1999999999992,-607.9999999999951,-643.8000000000033,-655.8000000000038,-3714.4000000000005
1451,633,-500.30000000000405,-572.9999999999973,-571.0999999999946,-569.3999999999934,-568.2000000000007,-585.7000000000015,-3367.6999999999916
1452,617,-501.30000000000416,-529.7999999999977,-554.1000000000007,-542.399999999998,-529.5999999999999,-549.2000000000056,-3206.400000000006
1453,564,-466.0000000000055,-496.7000000000016,-498.39999999999895,-481.4999999999981,-473.10000000000156,-521.0000000000039,-2936.70000000001
1454,528,-409.8000000000034,-483.30000000000143,-483.20000000000147,-463.89999999999867,-465.3000000000028,-481.3000000000034,-2786.800000000011
1455,648,-523.1000000000029,-588.6999999999977,-615.8999999999996,-581.6999999999979,-588.9000000000023,-613.6000000000033,-3511.900000000004
1456,654,-540.800000000005,-584.6999999999967,-621.7000000000004,-591.1000000000009,-593.500000000002,-616.3000000000053,-3548.10000000001
1457,657,-514.8000000000042,-581.1999999999998,-593.2999999999989,-589.1999999999994,-590.4000000000032,-597.7000000000047,-3466.6000000000104
1458,800,-677.4000000000043,-733.6999999999986,-746.999999999999,-729.6999999999975,-757.7000000000024,-764.5000000000019,-4410.000000000004
1459,550,-426.3000000000023,-491.899999999999,-495.0999999999983,-495.299999999995,-459.5000000000006,-484.6000000000028,-2852.699999999998
1461,704,-601.9000000000015,-642.6999999999986,-649.5999999999987,-658.3000000000009,-666.9000000000051,-683.8000000000064,-3903.2000000000107
1462,647,-523.6000000000029,-594.5999999999971,-604.9000000000019,-577.7999999999961,-592.8000000000005,-611.000000000004,-3504.7000000000025
1463,576,-467.1000000000049,-507.3000000000017,-523.9000000000013,-492.8999999999989,-492.7000000000057,-510.4000000000059,-2994.3000000000184
1464,754,-619.0000000000023,-713.500000000001,-717.3000000000015,-718.3,-704.5000000000058,-735.0000000000086,-4207.6000000000195
1465,739,-592.900000000002,-700.2000000000027,-709.4999999999989,-716.8000000000047,-724.6000000000068,-718.6000000000022,-4162.600000000017
1466,633,-508.00000000000364,-586.7999999999982,-593.0999999999998,-575.9999999999973,-608.8000000000051,-594.3000000000059,-3467.00000000001
1467,724,-604.1000000000042,-661.4999999999976,-683.8000000000006,-693.7000000000019,-691.500000000006,-682.2000000000023,-4016.800000000012
1468,679,-551.6000000000017,-618.3999999999994,-636.7000000000023,-603.9999999999992,-637.8000000000065,-643.7000000000069,-3692.200000000016
1469,570,-441.0000000000026,-491.29999999999905,-512.5000000000022,-485.899999999997,-491.5000000000022,-500.10000000000446,-2922.3000000000075
1471,720,-583.800000000003,-657.9000000000021,-665.8000000000034,-660.3000000000011,-660.9000000000057,-676.9000000000077,-3905.600000000023
1472,656,-527.2000000000053,-586.4999999999995,-607.3000000000005,-572.6999999999991,-591.1000000000034,-602.6000000000031,-3487.400000000011
1473,836,-716.9000000000046,-775.9000000000004,-812.5000000000065,-790.7000000000014,-811.3000000000087,-793.5000000000031,-4700.800000000025
1474,527,-417.70000000000147,-462.3999999999982,-469.69999999999715,-447.39999999999696,-444.200000000001,-457.9000000000027,-2699.2999999999975
1475,684,-559.6000000000046,-633.4999999999982,-669.8000000000035,-615.8999999999977,-629.5000000000049,-638.2000000000004,-3746.500000000009
1476,640,-567.8000000000062,-580.4999999999986,-577.1999999999973,-570.2999999999981,-596.3000000000047,-596.1000000000067,-3488.2000000000116
1477,606,-486.80000000000285,-533.8999999999961,-521.399999999997,-548.3000000000019,-538.3000000000031,-557.6000000000049,-3186.3000000000056
1478,586,-446.8000000000047,-516.900000000001,-524.199999999999,-510.8999999999982,-494.70000000000044,-512.3000000000027,-3005.8000000000056
1479,659,-579.2000000000063,-594.7999999999992,-594.4000000000007,-583.7999999999984,-612.6000000000056,-625.3000000000064,-3590.1000000000167
1481,703,-599.200000000002,-641.1999999999965,-654.2999999999977,-638.399999999998,-657.0000000000064,-683.700000000002,-3873.8000000000025
1482,579,-463.1000000000038,-514.1999999999997,-528.5999999999995,-505.19999999999555,-534.0000000000044,-541.6000000000034,-3086.700000000006
1483,686,-530.1000000000028,-605.6999999999986,-629.3000000000026,-627.9000000000028,-621.9000000000025,-641.9000000000055,-3656.8000000000147
1484,852,-743.3000000000048,-794.499999999998,-809.0999999999981,-828.9000000000033,-858.9000000000117,-842.7000000000057,-4877.4000000000215
1485,660,-533.5000000000031,-611.0999999999982,-617.1999999999979,-609.0999999999984,-612.5000000000028,-610.0999999999999,-3593.5000000000005
1486,707,-578.8000000000039,-625.1999999999963,-650.6999999999975,-642.5999999999965,-643.6000000000024,-629.400000000002,-3770.299999999999
1487,686,-556.1000000000047,-624.2999999999993,-622.9999999999981,-621.3000000000019,-619.1000000000051,-638.1000000000076,-3681.900000000017
1488,825,-722.4000000000032,-761.799999999998,-802.1000000000028,-761.7999999999952,-802.0000000000076,-800.8000000000073,-4650.900000000014
1489,740,-603.9000000000027,-678.3000000000015,-700.1000000000051,-662.2999999999995,-667.300000000002,-702.9000000000033,-4014.8000000000143
1491,489,-383.8000000000037,-409.99999999999926,-426.60000000000133,-420.4000000000005,-412.400000000002,-420.1000000000022,-2473.300000000009
1492,777,-660.7000000000033,-748.600000000003,-775.400000000006,-726.6000000000006,-757.8000000000079,-790.6000000000096,-4459.700000000031
1493,827,-706.6000000000035,-786.6,-783.5000000000007,-771.3999999999993,-807.4000000000066,-807.1000000000085,-4662.600000000019
1494,725,-611.2000000000045,-661.800000000001,-687.0000000000023,-652.5999999999942,-687.2000000000047,-646.9000000000062,-3946.7000000000135
1495,791,-670.9000000000051,-726.7999999999994,-760.4000000000055,-740.4000000000012,-775.8000000000088,-779.6000000000109,-4453.900000000031
1496,511,-406.4000000000043,-449.5999999999994,-450.8999999999997,-431.39999999999725,-432.4000000000025,-471.3000000000036,-2642.0000000000064
1497,664,-537.5000000000036,-605.0999999999998,-631.0000000000036,-613.4999999999953,-604.9,-604.6000000000021,-3596.600000000005
1498,487,-367.3000000000029,-408.39999999999907,-420.60000000000025,-410.79999999999967,-387.60000000000207,-416.2000000000024,-2410.9000000000065
1499,639,-497.0000000000024,-593.4000000000007,-572.0999999999997,-583.4000000000037,-590.6000000000035,-619.6000000000067,-3456.1000000000167
1501,556,-482.0000000000041,-491.09999999999894,-527.1000000000006,-501.099999999998,-514.1000000000005,-506.4000000000035,-3021.8000000000056
1502,620,-456.30000000000206,-547.7000000000014,-556.3000000000009,-539.8999999999976,-533.7000000000023,-560.4000000000044,-3194.3000000000084
1503,697,-570.3000000000039,-623.5999999999987,-641.999999999999,-624.4000000000004,-655.2000000000038,-617.000000000003,-3732.500000000009
1504,670,-571.8000000000061,-612.1000000000013,-633.1999999999998,-588.2999999999969,-622.5000000000034,-635.9000000000058,-3663.800000000014
1505,739,-637.5000000000076,-687.2000000000048,-681.0000000000016,-682.6000000000053,-677.4000000000092,-697.8000000000102,-4063.5000000000387
1506,483,-370.00000000000244,-423.4000000000021,-410.1999999999991,-403.9999999999975,-394.60000000000224,-434.100000000003,-2436.300000000006
1507,484,-385.50000000000205,-426.09999999999866,-442.9000000000001,-445.30000000000166,-428.9000000000018,-416.90000000000344,-2545.6000000000076
1508,673,-566.4000000000016,-614.5999999999981,-622.4000000000021,-623.8000000000021,-616.8000000000033,-636.8000000000037,-3680.800000000011
1509,612,-490.20000000000476,-541.700000000001,-539.6999999999988,-541.0999999999987,-543.7000000000032,-562.7000000000036,-3219.1000000000095
1511,772,-642.7000000000047,-710.6999999999977,-727.2000000000021,-713.4999999999999,-747.5000000000063,-761.0000000000084,-4302.6000000000195
1512,573,-424.20000000000243,-492.99999999999994,-516.8999999999993,-488.19999999999914,-496.0000000000016,-500.40000000000254,-2918.700000000005
1513,708,-591.400000000007,-648.299999999998,-674.2000000000024,-622.0999999999955,-649.1000000000065,-667.3000000000058,-3852.400000000015
1514,634,-521.1000000000049,-559.6999999999995,-570.0000000000013,-552.6999999999977,-559.900000000005,-583.7000000000062,-3347.1000000000145
1515,726,-590.6000000000016,-674.1000000000009,-694.1000000000009,-665.2999999999965,-661.5000000000008,-660.9999999999993,-3946.6000000000004
1516,581,-507.8000000000044,-537.2000000000005,-557.0000000000049,-538.8000000000023,-538.2000000000039,-534.9000000000048,-3213.900000000021
1517,569,-453.3000000000046,-501.99999999999983,-503.19999999999817,-505.6000000000009,-486.40000000000305,-515.000000000005,-2965.5000000000114
1518,1082,-978.80000000001,-1027.9,-1068.200000000003,-1030.0999999999985,-1051.1000000000063,-1078.600000000003,-6234.700000000022
1519,580,-480.7000000000044,-510.30000000000007,-522.6000000000004,-506.49999999999983,-482.7000000000009,-494.7000000000054,-2997.500000000011
1521,491,-383.4000000000039,-418.40000000000117,-419.79999999999757,-419.4000000000002,-385.2000000000021,-415.00000000000125,-2441.200000000006
1522,520,-389.5000000000024,-453.10000000000025,-462.30000000000007,-452.8999999999985,-440.30000000000285,-472.20000000000215,-2670.300000000006
1523,605,-492.4000000000059,-542.5999999999987,-542.9000000000011,-536.7999999999989,-532.0000000000017,-563.7000000000055,-3210.4000000000115
1524,722,-594.100000000003,-681.3000000000002,-674.4000000000002,-666.3000000000027,-678.500000000004,-679.0000000000085,-3973.6000000000186
1525,801,-682.1999999999997,-761.6000000000018,-776.1000000000043,-756.2000000000028,-757.6000000000049,-789.800000000005,-4523.500000000018
1526,643,-545.4000000000043,-584.3999999999977,-606.5000000000016,-572.7999999999977,-575.6000000000039,-598.000000000002,-3482.700000000007
1527,672,-565.2000000000037,-606.2999999999982,-629.100000000001,-604.2999999999964,-619.5000000000044,-624.400000000003,-3648.8000000000065
1528,772,-669.1000000000071,-715.6999999999988,-731.8000000000003,-716.9000000000019,-723.1000000000043,-724.2000000000052,-4280.8000000000175
1529,599,-504.0000000000038,-547.2000000000027,-534.5999999999982,-540.4000000000034,-527.2000000000058,-546.6000000000075,-3200.0000000000214
1531,680,-594.8000000000056,-633.4999999999992,-656.5000000000017,-614.6999999999962,-625.1000000000046,-631.4000000000032,-3756.0000000000105
1532,531,-413.2000000000033,-470.7999999999994,-476.6999999999989,-457.19999999999845,-465.20000000000016,-465.50000000000296,-2748.600000000003
1533,746,-622.7000000000069,-685.900000000001,-699.5000000000013,-699.9000000000052,-703.7000000000075,-696.6000000000068,-4108.300000000028
1534,605,-504.9000000000057,-534.0000000000001,-540.3999999999978,-526.5999999999979,-529.4000000000027,-548.7000000000047,-3184.000000000009
1535,807,-658.8000000000026,-745.9999999999981,-777.5000000000039,-747.5999999999997,-755.4000000000059,-790.4000000000107,-4475.700000000021
1536,703,-575.6000000000042,-628.1999999999981,-656.9000000000017,-630.9999999999992,-648.400000000007,-651.6000000000065,-3791.700000000017
1537,580,-427.4000000000029,-503.90000000000055,-516.400000000001,-507.9000000000005,-490.3000000000007,-511.1000000000018,-2957.0000000000073
1538,631,-517.4000000000048,-588.8000000000019,-583.0000000000015,-565.0000000000014,-566.2000000000032,-561.7000000000037,-3382.100000000016
1539,657,-532.3000000000029,-596.9999999999994,-586.1999999999961,-602.9999999999984,-601.4000000000013,-605.6000000000033,-3525.500000000002
1541,684,-579.0000000000044,-627.0999999999992,-638.6000000000021,-616.0999999999968,-628.9000000000046,-631.4000000000067,-3721.100000000014
1542,572,-451.20000000000266,-495.09999999999843,-527.9000000000028,-499.099999999998,-531.7000000000038,-538.8000000000048,-3043.8000000000106
1543,631,-526.400000000005,-574.7999999999984,-602.1999999999987,-572.599999999998,-592.0000000000024,-564.5000000000022,-3432.5000000000045
1544,628,-508.0000000000045,-571.3000000000023,-592.0000000000008,-550.6999999999966,-585.1000000000008,-581.7000000000045,-3388.8000000000093
1545,733,-586.6000000000046,-679.0000000000018,-663.1999999999958,-688.1999999999999,-711.4000000000068,-711.5000000000049,-4039.9000000000137
1546,553,-431.80000000000393,-506.0000000000028,-498.9000000000017,-481.59999999999894,-464.4000000000005,-488.500000000003,-2871.200000000011
1547,585,-467.1000000000035,-516.6000000000012,-521.0999999999998,-509.1999999999981,-496.60000000000196,-492.70000000000385,-3003.300000000008
1548,697,-577.0000000000052,-647.5999999999997,-658.100000000003,-650.0000000000024,-650.8000000000045,-679.6000000000039,-3863.1000000000186
1549,677,-558.800000000004,-611.9999999999961,-630.3999999999987,-608.1999999999974,-637.000000000003,-627.8000000000028,-3674.2000000000025
1551,569,-441.1000000000029,-496.39999999999816,-516.2999999999969,-489.59999999999684,-505.2000000000008,-495.2000000000022,-2943.7999999999975
1552,674,-579.6000000000053,-601.499999999996,-615.6999999999992,-601.8999999999952,-603.3000000000017,-594.200000000002,-3596.1999999999994
1553,849,-749.3000000000055,-803.0000000000018,-806.6,-744.7999999999919,-803.6000000000057,-848.5000000000058,-4755.800000000011
1554,654,-534.3000000000044,-584.1000000000007,-600.9000000000015,-574.2999999999988,-602.3000000000028,-606.1000000000018,-3502.00000000001
1555,637,-530.1000000000053,-566.5999999999984,-593.5000000000025,-548.5999999999948,-593.800000000004,-582.8000000000044,-3415.400000000009
1556,701,-598.8000000000048,-647.9999999999997,-643.0999999999964,-618.1999999999936,-648.2000000000022,-658.200000000005,-3814.500000000002
1557,549,-441.80000000000274,-498.39999999999765,-479.59999999999764,-488.39999999999577,-482.0000000000005,-505.9000000000015,-2896.099999999996
1558,627,-538.2000000000066,-584.2000000000016,-579.6000000000018,-549.9999999999959,-558.4000000000027,-601.0000000000057,-3411.400000000014
1559,781,-668.6000000000082,-718.5999999999973,-747.0000000000026,-687.199999999995,-748.6000000000071,-763.7000000000048,-4333.700000000015
1561,619,-515.3000000000034,-549.1999999999982,-556.1999999999972,-537.3999999999958,-542.6000000000042,-594.000000000004,-3294.700000000003
1562,614,-520.2000000000049,-557.9000000000013,-563.0000000000015,-547.9000000000001,-544.9000000000012,-559.6000000000028,-3293.5000000000114
1563,665,-564.2000000000054,-610.7999999999988,-608.6999999999975,-600.7999999999976,-583.5999999999999,-612.400000000002,-3580.500000000001
1564,560,-437.5000000000037,-489.2999999999971,-506.000000000001,-477.099999999996,-482.2999999999995,-496.900000000003,-2889.1000000000004
1565,674,-536.3000000000039,-597.9000000000007,-618.2000000000023,-585.8999999999984,-612.3000000000062,-631.9000000000069,-3582.500000000018
1566,843,-731.6000000000026,-785.7999999999981,-793.2000000000002,-786.5999999999997,-798.8000000000048,-845.5000000000078,-4741.500000000014
1567,541,-423.8000000000044,-480.4000000000002,-474.0999999999982,-472.39999999999935,-479.0000000000047,-504.1000000000032,-2833.80000000001
1568,664,-521.7000000000018,-609.8999999999987,-611.2000000000011,-602.899999999998,-593.700000000003,-602.9000000000029,-3542.3000000000056
1569,721,-593.0000000000027,-682.2000000000023,-674.6000000000005,-674.7999999999946,-689.0000000000057,-683.0000000000008,-3996.6000000000067
1571,446,-318.1000000000009,-379.50000000000136,-378.399999999998,-375.70000000000044,-356.30000000000103,-360.30000000000217,-2168.300000000004
1572,769,-681.200000000003,-703.1999999999975,-719.8999999999984,-731.4000000000033,-720.6000000000048,-758.5000000000008,-4314.8000000000075
1573,669,-556.6000000000031,-625.4000000000037,-622.2000000000029,-597.9999999999999,-593.6000000000041,-613.5000000000053,-3609.3000000000193
1574,600,-476.7000000000042,-552.9000000000002,-559.6000000000038,-535.5,-530.9000000000027,-567.8000000000062,-3223.400000000017
1575,605,-506.9000000000043,-543.0000000000016,-546.600000000001,-527.7999999999986,-535.8000000000025,-530.3000000000039,-3190.400000000012
1576,611,-470.4000000000031,-530.5999999999973,-578.800000000001,-541.1999999999945,-525.9999999999991,-527.3000000000037,-3174.299999999999
1577,618,-496.6000000000042,-564.3000000000023,-561.8999999999991,-558.100000000001,-570.700000000005,-596.7000000000056,-3348.300000000018
1578,776,-647.5000000000048,-704.0999999999976,-708.4999999999957,-742.7000000000036,-739.9000000000068,-735.2000000000079,-4277.900000000016
1579,525,-403.5000000000024,-480.39999999999816,-474.7999999999982,-469.19999999999965,-483.79999999999995,-474.8000000000029,-2786.500000000001
1581,616,-473.50000000000335,-536.6999999999972,-544.8999999999957,-557.2999999999965,-560.1000000000005,-556.1000000000031,-3228.5999999999963
1582,731,-632.3000000000011,-704.4000000000021,-695.0000000000005,-687.7999999999984,-683.2000000000038,-712.900000000002,-4115.600000000008
1583,783,-670.6000000000016,-720.3999999999955,-744.8,-724.1999999999986,-733.8000000000037,-750.3000000000003,-4344.1
1584,870,-711.000000000004,-802.8999999999971,-840.9000000000036,-824.7000000000005,-829.900000000007,-850.0000000000074,-4859.40000000002
1585,1026,-896.8000000000098,-991.9000000000075,-1013.5000000000074,-974.5000000000013,-1029.7000000000119,-1016.40000000001,-5922.8000000000475
1586,578,-460.2000000000036,-517.8999999999984,-514.1999999999973,-495.09999999999684,-513.7000000000011,-508.6000000000034,-3009.7000000000007
1587,1051,-918.2000000000071,-986.2000000000012,-1035.7000000000062,-1014.4000000000067,-1038.4000000000126,-1056.0000000000084,-6048.9000000000415
1588,617,-494.40000000000333,-551.3999999999978,-548.9999999999973,-553.7999999999951,-557.200000000002,-581.0000000000041,-3286.7999999999997
1589,656,-510.5000000000028,-578.4999999999975,-602.5000000000009,-578.4999999999934,-592.5000000000001,-604.9000000000007,-3467.399999999995
1591,645,-511.6000000000025,-567.7999999999987,-594.2999999999981,-542.9999999999958,-563.7999999999994,-563.800000000003,-3344.2999999999975
1592,531,-419.1000000000039,-466.20000000000084,-482.1999999999992,-450.3999999999968,-465.40000000000003,-467.40000000000373,-2750.7000000000044
1593,511,-399.600000000003,-446.6000000000005,-452.5000000000002,-434.59999999999786,-438.00000000000273,-443.50000000000273,-2614.800000000007
1594,622,-532.7000000000047,-572.7000000000023,-593.7000000000049,-558.2999999999986,-555.9000000000007,-561.0000000000013,-3374.3000000000125
1595,662,-546.2000000000038,-600.6999999999975,-630.6000000000029,-602.0999999999976,-616.7000000000037,-608.8000000000042,-3605.10000000001
1596,922,-822.8000000000029,-867.1000000000015,-884.4000000000069,-849.2999999999973,-874.5000000000053,-889.0000000000009,-5187.100000000015
1597,637,-497.5000000000027,-579.1999999999979,-587.0000000000024,-596.6000000000025,-576.6000000000054,-578.9000000000061,-3415.800000000017
1598,652,-516.1000000000066,-581.5000000000006,-582.2999999999982,-591.700000000004,-584.9000000000043,-581.5000000000052,-3438.000000000019
1599,492,-369.000000000002,-421.299999999999,-431.69999999999806,-417.2999999999985,-423.1000000000022,-431.1000000000018,-2493.5000000000014
1601,707,-609.6000000000055,-658.1999999999965,-658.6999999999988,-638.7999999999945,-641.9999999999993,-651.4000000000037,-3858.6999999999985
1602,850,-739.3000000000056,-796.1000000000034,-818.2000000000037,-782.3000000000008,-816.5000000000081,-842.9000000000088,-4795.300000000031
1603,508,-379.80000000000086,-432.0999999999972,-450.600000000001,-429.2999999999975,-424.1000000000007,-424.4000000000043,-2540.3000000000015
1604,524,-408.6000000000034,-460.5000000000009,-475.00000000000153,-439.49999999999665,-443.50000000000296,-447.6000000000035,-2674.700000000009
1605,473,-352.20000000000306,-404.6000000000007,-402.9999999999998,-406.9999999999988,-368.40000000000134,-401.80000000000297,-2337.000000000007
1606,715,-613.000000000005,-658.3999999999985,-683.1000000000012,-645.999999999999,-657.8000000000047,-716.4000000000078,-3974.700000000016
1607,628,-506.20000000000476,-541.0999999999963,-577.0000000000017,-551.2999999999985,-560.5000000000034,-566.4000000000059,-3302.500000000011
1608,647,-551.5000000000044,-600.399999999999,-598.5999999999985,-576.5999999999977,-583.0000000000031,-599.6000000000068,-3509.7000000000094
1609,745,-590.8000000000047,-672.3999999999983,-716.1000000000009,-673.1999999999986,-705.8000000000052,-688.8000000000002,-4047.1000000000076
1611,679,-576.9000000000061,-603.7999999999978,-604.5999999999998,-583.1999999999964,-607.0000000000038,-620.800000000003,-3596.3000000000065
1612,602,-485.3000000000039,-542.4999999999982,-534.6999999999963,-542.6999999999974,-539.300000000001,-563.0000000000036,-3207.5000000000005
1613,660,-572.9000000000054,-620.0999999999991,-619.9000000000004,-611.2999999999977,-605.9000000000028,-628.000000000003,-3658.1000000000085
1614,789,-662.2000000000069,-737.2000000000006,-746.3000000000019,-737.8000000000035,-767.0000000000089,-762.2000000000045,-4412.700000000026
1615,795,-659.6000000000046,-763.8000000000034,-763.0999999999993,-731.0,-754.0000000000055,-779.5000000000035,-4451.000000000016
1616,673,-560.3000000000042,-609.199999999999,-624.8000000000014,-603.999999999997,-640.800000000005,-617.7000000000048,-3656.8000000000116
1617,650,-520.2000000000049,-589.0999999999996,-593.4999999999985,-591.0999999999993,-601.5000000000044,-605.1000000000056,-3500.5000000000127
1618,703,-580.2000000000064,-634.5999999999996,-649.9000000000005,-644.200000000002,-659.8000000000087,-684.5000000000097,-3853.200000000027
1619,570,-443.3000000000031,-509.7000000000023,-498.899999999997,-505.5000000000004,-480.10000000000076,-510.4000000000035,-2947.900000000007
1621,821,-669.6000000000054,-770.2000000000037,-784.9000000000069,-746.7999999999995,-782.2000000000088,-767.9000000000093,-4521.600000000034
1622,795,-642.2000000000008,-735.0000000000026,-769.1000000000038,-756.6000000000001,-742.6000000000054,-754.9000000000074,-4400.400000000021
1623,598,-496.50000000000426,-562.9000000000003,-545.099999999999,-532.2999999999945,-520.1000000000022,-533.2000000000031,-3190.1000000000035
1624,614,-498.60000000000434,-546.6999999999965,-544.399999999994,-521.299999999995,-525.6999999999998,-576.0000000000024,-3212.699999999992
1625,610,-486.60000000000247,-559.2999999999982,-560.7999999999964,-543.4999999999961,-554.7000000000031,-559.7000000000029,-3264.5999999999995
1626,535,-380.4000000000017,-456.40000000000083,-472.2999999999965,-464.8000000000007,-438.4000000000012,-453.30000000000354,-2665.6000000000045
1627,760,-648.0999999999989,-714.3000000000021,-707.1999999999986,-705.1000000000023,-701.9000000000038,-721.5000000000016,-4198.100000000007
1628,903,-793.8000000000061,-828.799999999998,-856.4000000000001,-839.5999999999968,-874.4000000000109,-861.2000000000038,-5054.200000000015
1629,593,-445.50000000000404,-508.1999999999978,-523.9000000000001,-504.7999999999973,-504.0000000000002,-537.1000000000031,-3023.5000000000027
1631,478,-350.8000000000025,-411.9000000000015,-428.0999999999999,-402.8999999999976,-403.10000000000184,-407.90000000000356,-2404.700000000007
1632,687,-566.0000000000057,-611.2000000000011,-625.5000000000005,-626.0000000000045,-621.4000000000058,-624.1000000000035,-3674.200000000021
1633,837,-702.6000000000001,-787.2000000000016,-792.6000000000017,-781.8000000000019,-815.2000000000072,-800.0000000000026,-4679.400000000015
1634,566,-432.900000000004,-495.3000000000003,-499.2999999999979,-481.6999999999967,-476.2999999999991,-495.80000000000246,-2881.3000000000006
1635,644,-543.8000000000035,-591.9000000000011,-606.2000000000013,-578.8999999999987,-603.5000000000051,-597.8000000000071,-3522.1000000000167
1636,556,-467.60000000000366,-493.49999999999847,-508.59999999999997,-479.89999999999566,-495.1000000000017,-495.6000000000038,-2940.300000000003
1637,644,-498.80000000000473,-560.3000000000001,-593.100000000003,-558.0999999999965,-559.5000000000025,-561.3000000000059,-3331.100000000013
1638,646,-526.9000000000048,-590.9000000000025,-604.6000000000006,-571.6999999999996,-574.9000000000042,-581.2000000000046,-3450.200000000016
1639,460,-342.1000000000019,-394.50000000000176,-385.79999999999797,-379.4999999999983,-368.7000000000027,-387.4000000000028,-2258.0000000000055
1641,612,-506.60000000000406,-544.0999999999984,-565.199999999999,-561.6999999999985,-530.2999999999981,-569.4000000000034,-3277.300000000001
1642,722,-594.6000000000039,-683.7000000000039,-677.2000000000015,-646.6999999999969,-645.1000000000056,-677.5000000000052,-3924.8000000000175
1643,662,-517.800000000005,-593.9000000000027,-619.8000000000045,-575.4999999999998,-564.9000000000043,-579.7000000000072,-3451.600000000023
1644,693,-577.8000000000042,-639.9999999999991,-662.4000000000033,-618.7999999999975,-647.400000000006,-643.6000000000032,-3790.000000000013
1645,640,-498.10000000000286,-555.2999999999984,-603.1000000000051,-574.3000000000025,-570.3000000000028,-561.7000000000032,-3362.8000000000147
1646,566,-452.10000000000446,-501.29999999999734,-492.49999999999767,-512.8999999999962,-504.3000000000035,-515.8000000000035,-2978.9000000000024
1647,709,-625.5000000000076,-650.000000000003,-671.4000000000043,-662.4000000000051,-658.800000000007,-660.7000000000089,-3928.8000000000357
1648,636,-495.70000000000306,-566.3000000000005,-589.4000000000007,-567.3000000000011,-559.9000000000026,-552.3000000000058,-3330.9000000000133
1649,783,-664.5000000000036,-712.9999999999964,-726.6999999999967,-724.3999999999982,-752.4000000000045,-769.1000000000041,-4350.100000000004
1651,597,-484.40000000000254,-530.9999999999995,-526.7999999999967,-525.3999999999993,-527.8000000000017,-534.5000000000049,-3129.9000000000046
1652,685,-547.3000000000014,-635.4000000000017,-635.9999999999972,-641.0000000000014,-635.2000000000064,-634.5000000000053,-3729.4000000000133
1653,623,-486.300000000003,-547.5999999999957,-557.2999999999972,-562.9999999999966,-566.2000000000004,-552.3000000000058,-3272.6999999999985
1654,598,-500.60000000000457,-527.4999999999998,-528.0999999999966,-534.6999999999994,-523.9000000000015,-574.700000000003,-3189.500000000005
1655,751,-620.2000000000055,-686.9999999999992,-704.2000000000029,-704.2000000000023,-685.0000000000044,-689.6000000000057,-4090.2000000000207
1656,650,-537.3000000000043,-589.2999999999987,-578.0999999999995,-578.0999999999992,-572.9000000000021,-599.5000000000036,-3455.200000000008
1657,482,-379.00000000000273,-426.6999999999987,-413.59999999999656,-429.89999999999895,-398.70000000000135,-433.20000000000203,-2481.1000000000004
1658,567,-437.70000000000306,-495.9999999999996,-486.0999999999956,-491.3999999999978,-476.40000000000055,-512.7000000000039,-2900.3000000000006
1659,617,-475.40000000000407,-546.6,-567.6000000000013,-535.1999999999979,-525.6000000000035,-550.1000000000058,-3200.5000000000127
1661,808,-668.7000000000035,-767.5000000000009,-791.800000000005,-790.5000000000081,-798.3000000000113,-803.3000000000087,-4620.100000000037
1662,555,-414.1000000000034,-468.9999999999986,-477.7999999999963,-478.7999999999985,-477.6000000000027,-485.90000000000396,-2803.2000000000035
1663,920,-783.7000000000044,-853.6999999999973,-880.5000000000032,-855.7,-898.3000000000112,-943.4000000000127,-5215.300000000028
1664,850,-768.4000000000049,-803.5000000000014,-822.4000000000046,-802.9000000000002,-821.3000000000092,-833.4000000000046,-4851.900000000025
1665,760,-648.5000000000067,-711.9000000000033,-719.0000000000039,-704.3000000000008,-722.9000000000091,-750.1000000000075,-4256.700000000032
1666,710,-584.900000000006,-653.4999999999976,-672.2000000000002,-663.4999999999983,-679.3000000000071,-688.9000000000073,-3942.3000000000166
1667,825,-707.1000000000039,-771.8000000000003,-818.1000000000057,-770.9999999999972,-793.4000000000058,-790.3000000000002,-4651.7000000000135
1668,599,-496.5000000000041,-547.2000000000013,-537.2999999999995,-520.7999999999981,-533.2000000000013,-567.0000000000042,-3202.000000000008
1669,674,-523.3000000000028,-610.700000000002,-624.3000000000036,-601.5000000000002,-588.3000000000034,-626.3000000000059,-3574.400000000018
1671,642,-516.0000000000044,-561.6999999999997,-560.2999999999973,-564.3000000000003,-551.1000000000043,-588.6000000000063,-3342.0000000000123
1672,638,-500.6000000000031,-566.2999999999994,-581.4999999999993,-565.4999999999964,-582.3000000000027,-548.600000000005,-3344.8000000000056
1673,722,-600.6999999999998,-650.6999999999994,-671.8999999999992,-650.6999999999966,-661.1000000000043,-663.5999999999991,-3898.6999999999985
1674,621,-492.70000000000385,-559.9999999999972,-568.8999999999994,-544.5999999999977,-554.2000000000019,-563.4000000000045,-3283.8000000000043
1675,854,-734.5000000000005,-803.099999999997,-817.1000000000031,-789.8999999999974,-823.7000000000085,-842.2000000000031,-4810.50000000001
1676,666,-535.5000000000026,-595.8999999999974,-622.1999999999982,-590.0999999999955,-587.2999999999985,-620.6000000000042,-3551.5999999999967
1677,495,-366.0000000000027,-413.39999999999856,-426.5999999999976,-413.79999999999785,-389.2000000000013,-442.40000000000305,-2451.4000000000015
1678,483,-373.20000000000255,-433.60000000000156,-435.8000000000026,-427.5999999999991,-428.00000000000165,-439.5000000000033,-2537.7000000000107
1679,608,-474.0000000000023,-548.2999999999989,-578.5999999999992,-550.8999999999941,-527.0999999999992,-548.6000000000003,-3227.4999999999945
1681,567,-446.7000000000033,-498.9999999999974,-511.6999999999965,-486.79999999999603,-498.80000000000103,-511.80000000000354,-2954.799999999998
1682,717,-554.6999999999998,-647.4000000000013,-698.1000000000055,-649.2000000000014,-682.4000000000068,-651.5000000000069,-3883.3000000000216
1683,563,-440.2000000000032,-507.6,-523.4000000000012,-503.9999999999996,-508.20000000000243,-502.3000000000038,-2985.7000000000103
1684,521,-408.2000000000025,-480.20000000000107,-473.399999999999,-462.7999999999976,-455.0000000000027,-457.30000000000456,-2736.9000000000074
1685,720,-612.6000000000065,-652.7000000000027,-667.100000000002,-649.0999999999973,-645.7000000000045,-652.4000000000041,-3879.600000000017
1686,629,-507.8000000000035,-583.2000000000005,-594.9,-570.3999999999988,-581.0000000000036,-580.7000000000041,-3418.000000000011
1687,558,-441.90000000000316,-502.10000000000156,-513.4999999999982,-506.3000000000005,-504.3000000000013,-484.40000000000236,-2952.5000000000073
1688,556,-474.9000000000049,-501.90000000000197,-503.5999999999982,-490.0999999999988,-486.1000000000048,-505.5000000000047,-2962.100000000013
1689,530,-415.40000000000384,-467.1000000000007,-465.79999999999836,-455.8999999999997,-450.30000000000257,-458.2000000000038,-2712.700000000009
1691,588,-486.40000000000305,-539.4999999999985,-514.8999999999977,-522.1000000000001,-524.3000000000008,-563.000000000003,-3150.2000000000035
1692,564,-442.9000000000013,-509.10000000000093,-509.4999999999996,-489.69999999999806,-508.70000000000266,-530.4000000000034,-2990.3000000000056
1693,655,-545.5000000000055,-610.4000000000024,-618.1000000000008,-596.7999999999962,-609.4000000000059,-587.0000000000031,-3567.200000000014
1694,857,-729.2000000000022,-804.8000000000015,-815.2000000000013,-802.5999999999996,-803.0000000000083,-872.1000000000099,-4826.900000000022
1695,653,-561.4000000000044,-599.6000000000009,-613.9000000000015,-569.9999999999947,-607.400000000003,-599.7000000000047,-3552.0000000000095
1696,700,-566.8000000000031,-623.4999999999965,-665.3000000000033,-648.3000000000013,-663.1000000000064,-652.3000000000047,-3819.300000000015
1697,731,-616.6000000000013,-657.6000000000018,-678.8000000000033,-649.199999999998,-676.600000000006,-652.2000000000014,-3931.000000000012
1698,729,-647.200000000007,-667.5999999999988,-672.1000000000004,-671.9999999999991,-682.4000000000068,-682.7000000000062,-4024.000000000018
1699,670,-539.1000000000023,-589.6999999999971,-642.2000000000004,-585.4999999999959,-619.1000000000028,-629.900000000002,-3605.5
1701,897,-786.800000000008,-835.4000000000012,-879.0000000000044,-833.9999999999997,-883.8000000000118,-878.0000000000095,-5097.000000000035
1702,614,-501.2000000000035,-540.4999999999984,-568.3000000000009,-553.0999999999998,-533.5000000000013,-565.9000000000059,-3262.50000000001
1703,747,-624.100000000001,-688.3999999999983,-698.9999999999972,-707.9999999999944,-703.4000000000029,-746.5000000000066,-4169.400000000001
1704,597,-473.9000000000037,-556.0000000000015,-548.6999999999996,-530.7999999999969,-523.8000000000002,-548.1000000000026,-3181.3000000000043
1705,645,-533.0000000000058,-576.9999999999984,-604.600000000002,-559.1999999999967,-595.4000000000048,-602.3000000000039,-3471.5000000000114
1706,796,-661.2000000000011,-738.9000000000008,-772.6000000000059,-734.1000000000001,-756.7000000000047,-749.2000000000037,-4412.700000000016
1707,883,-788.2000000000082,-830.8000000000009,-841.2999999999976,-842.0000000000041,-856.8000000000093,-876.5000000000101,-5035.60000000003
1708,505,-394.4000000000039,-432.19999999999965,-456.20000000000067,-423.3999999999978,-437.40000000000265,-433.7000000000031,-2577.300000000008
1709,463,-350.5000000000026,-395.4000000000009,-405.39999999999867,-387.19999999999783,-387.8000000000019,-404.80000000000206,-2331.100000000004
1711,503,-377.2000000000029,-439.39999999999765,-430.39999999999793,-438.99999999999943,-420.6000000000016,-456.8000000000025,-2563.4000000000024
1712,669,-572.0000000000052,-621.800000000001,-623.8000000000012,-623.7999999999976,-637.0000000000055,-647.7000000000036,-3726.1000000000136
1713,769,-664.4000000000028,-737.999999999999,-747.5999999999981,-742.0,-754.4000000000071,-747.4000000000053,-4393.800000000012
1714,708,-584.5000000000049,-666.9000000000009,-666.800000000002,-658.5000000000008,-645.1000000000005,-664.4000000000061,-3886.200000000015
1715,907,-743.7000000000048,-842.7999999999972,-878.9000000000034,-868.6000000000016,-901.2000000000102,-894.5000000000066,-5129.7000000000235
1716,572,-445.30000000000337,-522.2999999999984,-535.8999999999984,-509.29999999999825,-479.69999999999936,-523.7000000000047,-3016.2000000000025
1717,803,-688.5000000000019,-750.7999999999957,-766.2000000000025,-740.3999999999952,-789.0000000000091,-777.4000000000028,-4512.300000000007
1718,519,-402.0000000000036,-446.1999999999977,-455.50000000000034,-445.39999999999867,-438.6000000000022,-478.1000000000025,-2665.800000000005
1719,559,-456.9000000000032,-494.8,-494.80000000000007,-483.79999999999814,-477.4000000000034,-522.5000000000049,-2930.20000000001
1721,821,-706.0000000000034,-771.5999999999988,-799.7000000000044,-764.1999999999995,-782.4000000000065,-776.2000000000037,-4600.100000000016
1722,648,-527.3000000000038,-575.1,-586.3999999999988,-563.8999999999979,-576.0999999999995,-584.100000000001,-3412.9000000000005
1723,895,-769.0000000000026,-850.3999999999997,-859.8000000000012,-846.3999999999988,-874.800000000007,-886.9000000000073,-5087.300000000016
1724,583,-488.1000000000039,-533.5999999999983,-531.0999999999992,-517.3999999999984,-518.4000000000025,-527.9000000000036,-3116.500000000006
1725,724,-605.2000000000056,-659.0999999999979,-673.6999999999995,-656.2999999999973,-656.300000000006,-703.1000000000067,-3953.700000000013
1726,760,-633.2000000000043,-703.6999999999999,-716.2999999999997,-708.2999999999994,-732.3000000000093,-747.800000000006,-4241.600000000019
1727,626,-487.2000000000033,-554.9000000000001,-563.8999999999994,-549.7000000000003,-532.9000000000025,-553.1000000000065,-3241.7000000000116
1728,841,-726.9000000000063,-790.0000000000047,-820.0000000000082,-762.8000000000003,-811.6000000000121,-798.4000000000119,-4709.7000000000435
1729,806,-685.7000000000053,-765.6999999999983,-771.8,-759.8999999999954,-760.1000000000017,-786.8000000000012,-4530.000000000002
1731,588,-450.00000000000415,-512.6999999999977,-528.3999999999995,-524.5000000000016,-518.5000000000039,-531.7000000000037,-3065.80000000001
1732,505,-373.90000000000225,-440.59999999999934,-443.89999999999935,-436.1999999999999,-437.4000000000018,-445.2000000000034,-2577.200000000006
1733,738,-627.4000000000007,-692.7000000000007,-703.6000000000008,-695.099999999999,-703.1000000000062,-713.2000000000022,-4135.1000000000095
1734,510,-393.20000000000357,-445.3000000000006,-457.4000000000008,-434.09999999999917,-419.89999999999947,-436.60000000000326,-2586.500000000007
1735,515,-388.9000000000021,-436.39999999999986,-455.1999999999997,-446.19999999999845,-416.20000000000107,-443.70000000000294,-2586.6000000000045
1736,805,-690.8000000000051,-774.8000000000004,-765.900000000003,-778.800000000001,-765.4000000000059,-792.3000000000059,-4568.000000000021
1737,624,-507.400000000005,-543.2999999999993,-559.8000000000003,-537.4999999999983,-548.1000000000016,-580.4000000000066,-3276.500000000011
1738,702,-560.8000000000048,-656.1000000000033,-664.2000000000027,-642.699999999999,-641.9000000000042,-652.9000000000027,-3818.6000000000167
1739,683,-574.5000000000058,-636.6000000000022,-633.8000000000011,-647.4000000000018,-658.4000000000079,-670.3000000000068,-3821.0000000000255
1741,708,-563.5000000000028,-646.1,-652.2999999999972,-633.8999999999938,-654.700000000005,-673.0000000000053,-3823.5000000000045
1742,469,-350.20000000000294,-414.40000000000094,-403.9999999999992,-402.39999999999895,-397.20000000000215,-423.6000000000013,-2391.8000000000056
1743,735,-621.1000000000043,-670.9999999999978,-704.5000000000036,-671.0,-670.8000000000033,-674.0000000000028,-4012.400000000012
1744,573,-442.80000000000257,-485.799999999996,-514.6999999999983,-488.5999999999966,-498.0000000000003,-489.90000000000236,-2919.7999999999965
1745,641,-534.5000000000049,-577.4000000000015,-589.7000000000011,-569.6000000000003,-568.8000000000022,-578.0000000000018,-3418.000000000012
1746,728,-592.7000000000053,-669.5000000000013,-682.8000000000008,-645.6999999999963,-682.7000000000048,-671.4000000000069,-3944.800000000015
1747,590,-473.60000000000275,-515.2999999999992,-545.700000000001,-513.0999999999985,-519.3000000000027,-516.9000000000044,-3083.9000000000087
1748,642,-520.7000000000044,-592.4999999999993,-584.6999999999946,-607.3000000000005,-592.1000000000007,-625.9000000000011,-3523.2000000000007
1749,595,-466.40000000000236,-531.399999999998,-552.4999999999985,-513.5999999999967,-540.4000000000029,-537.2000000000041,-3141.5000000000027
1751,595,-504.600000000005,-537.400000000001,-533.4999999999994,-531.7999999999998,-527.0000000000056,-560.2000000000062,-3194.500000000017
1752,771,-667.8000000000065,-694.2,-715.5000000000025,-666.5999999999958,-684.600000000006,-716.0000000000076,-4144.700000000018
1753,552,-431.40000000000265,-493.9000000000002,-507.79999999999944,-506.7000000000005,-481.10000000000286,-488.6000000000035,-2909.5000000000095
1754,530,-407.00000000000347,-446.6999999999991,-456.8999999999984,-457.6999999999997,-432.9000000000026,-460.90000000000475,-2662.100000000008
1755,664,-517.1000000000023,-608.1000000000007,-610.0000000000011,-588.1000000000003,-597.3000000000048,-617.4000000000059,-3538.000000000015
1756,817,-735.0000000000055,-772.4000000000005,-770.9999999999991,-751.3999999999971,-761.6000000000073,-806.4000000000091,-4597.800000000018
1757,598,-480.80000000000433,-535.7,-535.1999999999977,-530.8999999999961,-525.1000000000017,-555.8000000000044,-3163.500000000004
1758,759,-675.8000000000005,-713.3999999999972,-713.6999999999967,-723.3999999999978,-722.2000000000036,-709.7999999999996,-4258.299999999996
1759,585,-481.40000000000384,-533.2,-541.7000000000037,-529.2000000000003,-536.0000000000022,-532.9000000000055,-3154.4000000000156
1761,713,-585.0000000000035,-643.7999999999984,-676.7000000000023,-639.9999999999986,-667.4000000000052,-671.2000000000064,-3884.100000000014
1762,797,-690.6000000000067,-755.4000000000054,-777.6000000000062,-750.6000000000013,-753.8000000000083,-765.6000000000071,-4493.600000000035
1763,753,-679.7000000000033,-694.2000000000012,-706.7000000000011,-676.7999999999982,-707.4000000000051,-722.6000000000065,-4187.400000000016
1764,501,-405.90000000000424,-441.60000000000247,-436.3999999999996,-420.19999999999857,-425.8000000000021,-429.8000000000013,-2559.700000000008
1765,582,-469.1000000000029,-518.299999999999,-542.1000000000003,-513.0999999999984,-527.9000000000011,-519.8000000000059,-3090.3000000000075
1766,701,-573.1000000000043,-641.4,-637.9999999999958,-611.9999999999937,-645.6000000000026,-649.6000000000014,-3759.6999999999975
1767,572,-432.70000000000323,-513.8999999999991,-509.9999999999985,-498.29999999999797,-501.9000000000018,-502.00000000000284,-2958.8000000000034
1768,675,-554.8000000000038,-594.7999999999979,-610.2999999999985,-604.799999999999,-616.400000000003,-607.300000000006,-3588.4000000000083
1769,750,-638.2000000000058,-691.5000000000011,-698.3999999999971,-704.3000000000036,-698.1000000000082,-704.8000000000087,-4135.300000000025
1771,847,-719.0000000000009,-803.4000000000036,-813.3999999999994,-777.3999999999993,-806.6000000000058,-826.7000000000062,-4746.500000000015
1772,504,-387.80000000000416,-437.70000000000186,-448.60000000000133,-433.69999999999965,-400.50000000000074,-437.3000000000025,-2545.6000000000104
1773,727,-604.6000000000054,-664.9999999999991,-662.3999999999971,-696.8000000000044,-686.2000000000075,-692.3000000000035,-4007.300000000017
1774,562,-433.9000000000035,-502.30000000000115,-501.5999999999995,-504.9000000000008,-469.3000000000036,-487.80000000000285,-2899.800000000011
1775,611,-463.1000000000014,-557.1999999999981,-568.7000000000035,-556.2000000000005,-554.6000000000056,-568.2000000000057,-3268.000000000015
1776,813,-667.4000000000021,-739.5999999999977,-777.4000000000034,-753.9999999999997,-764.8000000000085,-805.9000000000119,-4509.100000000023
1777,715,-612.4000000000053,-680.4000000000002,-673.9000000000016,-629.3999999999951,-675.6000000000084,-685.9000000000062,-3957.6000000000167
1778,727,-592.4000000000021,-674.000000000003,-682.6000000000026,-687.4000000000045,-690.8000000000076,-679.8000000000079,-4007.0000000000277
1779,570,-453.7000000000045,-520.1000000000013,-498.7999999999965,-510.6999999999967,-510.70000000000186,-536.2000000000027,-3030.2000000000035
1781,708,-595.1000000000033,-649.8999999999982,-641.6999999999972,-657.3000000000008,-669.3000000000048,-653.3000000000025,-3866.6000000000063
1782,563,-442.80000000000416,-491.59999999999894,-496.79999999999836,-490.99999999999875,-475.4000000000008,-486.9000000000045,-2884.500000000006
1783,716,-583.8000000000055,-664.1000000000022,-671.0000000000018,-643.499999999998,-659.3000000000056,-684.8000000000063,-3906.50000000002
1784,630,-539.8000000000042,-579.6999999999967,-565.5999999999984,-568.2999999999972,-572.3000000000038,-600.4000000000054,-3426.1000000000063
1785,800,-658.5000000000048,-735.0999999999966,-771.2000000000021,-757.0999999999992,-793.7000000000103,-789.9000000000077,-4505.50000000002
1786,538,-417.9000000000041,-471.70000000000016,-475.9999999999973,-468.6999999999996,-471.50000000000165,-490.10000000000315,-2795.900000000006
1787,787,-651.9000000000037,-724.3999999999995,-760.3000000000052,-743.2000000000023,-758.0000000000081,-760.6000000000042,-4398.400000000023
1788,812,-711.3000000000061,-783.5000000000067,-776.900000000006,-761.7000000000038,-778.3000000000088,-808.4000000000103,-4620.100000000042
1789,692,-561.1000000000039,-642.100000000001,-629.0999999999976,-649.3000000000014,-649.1000000000076,-648.3000000000065,-3779.000000000018
1791,667,-520.5000000000022,-574.9999999999964,-591.9999999999997,-584.1999999999972,-623.4000000000033,-611.3000000000054,-3506.400000000004
1792,575,-460.6000000000029,-502.7999999999997,-527.0999999999997,-514.8000000000018,-529.0000000000033,-505.3000000000044,-3039.6000000000117
1793,579,-432.20000000000226,-509.8000000000013,-510.59999999999997,-513.2000000000024,-484.400000000003,-510.7000000000056,-2960.9000000000146
1794,678,-531.4000000000027,-627.3000000000022,-643.3000000000035,-607.5000000000019,-613.5000000000038,-608.2000000000012,-3631.200000000015
1795,488,-369.9000000000009,-421.50000000000153,-430.5000000000009,-412.0999999999986,-410.50000000000233,-421.80000000000143,-2466.3000000000056
1796,773,-678.300000000004,-727.0,-724.5000000000007,-721.6000000000042,-718.0000000000049,-745.3000000000059,-4314.70000000002
1797,622,-500.3000000000039,-566.2999999999972,-585.0999999999996,-553.6999999999958,-567.9,-590.7000000000027,-3363.999999999999
1798,719,-584.7000000000041,-670.0000000000022,-677.7000000000014,-670.4000000000032,-675.8000000000065,-679.4000000000084,-3958.0000000000255
1799,453,-333.80000000000234,-390.4000000000028,-395.50000000000006,-372.3999999999986,-354.4000000000028,-370.1000000000019,-2216.6000000000085
1801,738,-662.2000000000065,-677.8999999999985,-702.6000000000012,-646.4999999999925,-714.1000000000078,-708.1000000000057,-4111.400000000012
1802,556,-445.50000000000404,-472.69999999999624,-480.3999999999974,-492.8999999999995,-467.30000000000035,-504.70000000000346,-2863.500000000001
1803,481,-359.40000000000293,-415.20000000000175,-407.89999999999753,-418.6000000000007,-393.20000000000346,-428.1000000000029,-2422.4000000000096
1804,569,-461.90000000000305,-490.1999999999991,-506.7999999999978,-500.1999999999991,-503.00000000000165,-494.2000000000033,-2956.3000000000043
1805,694,-575.2000000000038,-640.1000000000001,-659.1000000000022,-612.6999999999954,-645.1000000000049,-656.0000000000041,-3788.2000000000103
1806,626,-501.1000000000062,-546.0999999999977,-556.3999999999986,-552.8999999999997,-541.3000000000033,-543.2000000000048,-3241.0000000000105
1807,661,-559.3000000000055,-601.4000000000004,-594.9999999999985,-598.7999999999998,-605.0000000000014,-618.7000000000021,-3578.2000000000075
1808,610,-491.6000000000025,-553.6999999999995,-559.8999999999994,-553.7000000000007,-575.9000000000065,-579.3000000000046,-3314.1000000000136
1809,631,-513.7000000000054,-558.2000000000006,-577.600000000003,-555.5999999999989,-556.4000000000034,-563.100000000005,-3324.6000000000163
1811,479,-358.30000000000325,-405.19999999999993,-425.4999999999996,-396.7999999999977,-400.8000000000015,-397.7000000000035,-2384.3000000000056
1812,563,-465.80000000000325,-511.8000000000007,-502.99999999999864,-496.3999999999945,-491.0000000000022,-517.8000000000036,-2985.800000000003
1813,536,-431.1000000000032,-470.4999999999997,-474.999999999999,-470.89999999999867,-471.49999999999966,-463.4000000000029,-2782.400000000003
1814,631,-499.9000000000041,-568.3999999999984,-592.200000000002,-575.3999999999984,-571.2000000000008,-595.4000000000021,-3402.5000000000055
1815,694,-585.2000000000052,-629.8999999999992,-628.599999999997,-622.899999999998,-626.3000000000037,-647.3000000000015,-3740.200000000005
1816,734,-612.8000000000058,-686.1000000000018,-715.0000000000058,-680.6999999999988,-692.5000000000064,-673.8000000000086,-4060.900000000027
1817,600,-478.1000000000035,-552.8999999999994,-560.3000000000036,-542.4999999999983,-546.3000000000011,-541.6000000000035,-3221.7000000000094
1818,627,-478.0000000000029,-548.5999999999984,-578.4999999999997,-547.9999999999944,-552.8000000000008,-542.400000000005,-3248.300000000001
1819,560,-437.30000000000297,-492.4999999999994,-506.09999999999957,-483.899999999994,-478.8999999999991,-493.60000000000275,-2892.2999999999975
1821,670,-553.8000000000008,-615.2999999999994,-624.2999999999969,-594.4999999999961,-595.4999999999983,-624.5000000000023,-3607.8999999999937
1822,576,-446.7000000000017,-507.0999999999979,-511.2999999999982,-499.2999999999995,-490.10000000000025,-505.3000000000043,-2959.800000000002
1823,601,-456.70000000000357,-530.3999999999976,-545.0000000000013,-539.5999999999972,-533.4000000000019,-542.2000000000024,-3147.3000000000043
1824,572,-478.80000000000325,-519.8999999999995,-507.0999999999974,-515.8999999999997,-526.9000000000023,-522.400000000003,-3071.0000000000055
1825,458,-329.9000000000024,-377.4999999999996,-383.9000000000002,-385.10000000000036,-354.5000000000019,-380.80000000000246,-2211.700000000007
1826,812,-689.2000000000028,-752.4999999999997,-789.9000000000028,-755.8999999999971,-770.3000000000058,-780.1000000000048,-4537.900000000013
1827,729,-566.3999999999999,-659.5999999999995,-663.3999999999996,-655.6000000000012,-656.8000000000035,-682.9000000000055,-3884.700000000009
1828,491,-378.9000000000039,-432.8000000000008,-436.8000000000005,-435.3999999999999,-414.0000000000017,-437.7000000000025,-2535.6000000000095
1829,609,-495.900000000002,-536.199999999995,-563.0999999999973,-549.1999999999975,-542.8000000000012,-545.7000000000037,-3232.899999999997
1831,529,-394.8000000000026,-461.8000000000015,-457.79999999999814,-451.59999999999997,-447.2000000000017,-463.40000000000197,-2676.600000000006
1832,743,-605.0000000000028,-691.7999999999988,-719.6000000000015,-676.4000000000003,-731.0000000000082,-713.4000000000032,-4137.200000000014
1833,608,-476.000000000002,-539.0999999999959,-551.299999999999,-553.3000000000031,-556.500000000003,-571.2000000000065,-3247.400000000009
1834,826,-677.5000000000056,-785.9000000000005,-797.900000000004,-772.6999999999981,-801.1000000000078,-815.0000000000042,-4650.10000000002
1835,542,-409.6000000000029,-466.50000000000017,-469.7999999999988,-466.49999999999835,-443.29999999999893,-462.0000000000024,-2717.7000000000016
1836,498,-379.900000000002,-448.09999999999997,-450.3000000000007,-435.2999999999993,-450.3000000000008,-444.50000000000216,-2608.400000000005
1837,529,-417.4000000000034,-488.20000000000016,-473.2000000000008,-454.1999999999967,-483.8000000000031,-497.600000000003,-2814.400000000007
1838,507,-384.0000000000035,-442.40000000000066,-445.59999999999945,-429.1999999999986,-401.1999999999989,-434.9000000000023,-2537.300000000004
1839,618,-492.20000000000385,-549.8999999999982,-549.8999999999968,-536.4999999999982,-550.7000000000019,-587.1000000000033,-3266.300000000002
1841,520,-400.2000000000021,-462.69999999999783,-474.6999999999989,-452.29999999999734,-471.1000000000031,-465.900000000002,-2726.900000000001
1842,729,-595.4000000000045,-661.1999999999991,-689.3000000000035,-654.199999999999,-684.8000000000075,-704.7000000000077,-3989.600000000021
1843,702,-565.0000000000035,-638.9000000000002,-660.1000000000033,-637.4999999999995,-653.9000000000059,-657.0000000000075,-3812.4000000000196
1844,669,-575.100000000005,-601.9999999999978,-629.800000000001,-574.7999999999954,-615.4000000000024,-627.3000000000029,-3624.400000000004
1845,562,-468.60000000000366,-500.29999999999995,-498.3999999999998,-505.70000000000084,-493.3000000000041,-491.00000000000404,-2957.3000000000125
1846,815,-717.6000000000081,-736.3999999999984,-761.0000000000032,-746.9999999999986,-752.0000000000063,-745.7000000000043,-4459.700000000019
1847,1128,-1070.3000000000047,-1105.5000000000027,-1129.6000000000056,-1091.3000000000052,-1145.900000000004,-1160.3999999999992,-6703.000000000022
1848,503,-400.6000000000019,-443.5999999999991,-433.9999999999969,-445.8000000000023,-424.400000000002,-443.10000000000326,-2591.500000000005
1849,599,-483.70000000000397,-539.7999999999987,-548.1000000000005,-531.7999999999985,-532.0000000000025,-557.400000000003,-3192.8000000000075
1851,566,-457.1000000000036,-507.3000000000001,-508.5000000000001,-499.8999999999996,-498.3000000000015,-506.90000000000333,-2978.000000000008
1852,576,-415.70000000000215,-490.2999999999993,-503.9999999999998,-481.89999999999736,-476.8999999999998,-506.30000000000365,-2875.100000000002
1853,540,-421.70000000000226,-465.49999999999886,-460.3999999999976,-480.7000000000033,-458.1000000000033,-494.6000000000031,-2781.000000000008
1854,598,-470.60000000000474,-516.2999999999993,-527.5999999999962,-517.8999999999974,-522.8999999999994,-529.4000000000045,-3084.700000000001
1855,652,-547.4000000000055,-594.6999999999986,-582.4999999999977,-605.7000000000015,-575.9000000000029,-587.4000000000053,-3493.6000000000113
1856,620,-516.1000000000049,-551.6999999999998,-549.1999999999999,-544.6999999999999,-558.1000000000056,-564.0000000000048,-3283.8000000000147
1857,694,-566.200000000004,-624.0999999999989,-624.7999999999951,-621.7000000000007,-637.7000000000054,-640.1000000000065,-3714.6000000000104
1858,659,-544.6000000000042,-589.1999999999985,-584.7999999999961,-613.9999999999995,-598.0000000000007,-622.1000000000035,-3552.700000000003
1859,607,-477.0000000000042,-533.5999999999999,-544.6999999999972,-523.5999999999962,-522.599999999999,-564.7000000000028,-3166.199999999999
1861,558,-434.50000000000165,-482.2999999999986,-495.5000000000006,-476.0999999999956,-480.09999999999945,-483.00000000000296,-2851.499999999999
1862,637,-519.4000000000043,-581.8000000000008,-597.4000000000023,-565.9999999999965,-605.0000000000055,-626.2000000000068,-3495.8000000000156
1863,543,-424.2000000000035,-478.2000000000019,-487.0000000000004,-471.19999999999953,-457.80000000000325,-485.2000000000047,-2803.6000000000136
1864,547,-425.5000000000033,-470.99999999999585,-490.79999999999893,-487.00000000000165,-468.3999999999999,-482.5000000000033,-2825.2000000000025
1865,626,-488.20000000000203,-577.7000000000004,-571.3999999999967,-547.2999999999947,-567.500000000003,-586.6000000000049,-3338.7000000000016
1866,703,-608.800000000006,-648.3999999999997,-649.0999999999988,-646.6000000000006,-621.800000000003,-676.1000000000046,-3850.8000000000125
1867,565,-446.5000000000044,-509.80000000000126,-499.2000000000004,-512.200000000001,-483.2000000000024,-516.3000000000028,-2967.200000000012
1868,814,-707.9000000000071,-742.9000000000001,-768.1000000000006,-754.5,-761.900000000005,-745.6000000000073,-4480.900000000021
1869,547,-438.10000000000355,-496.8000000000002,-489.9999999999976,-476.19999999999993,-465.5999999999988,-486.6000000000028,-2853.3000000000025
1871,799,-665.1000000000056,-730.9999999999983,-746.6000000000012,-735.5999999999981,-781.8000000000073,-791.500000000007,-4451.600000000018
1872,629,-492.5000000000028,-574.799999999998,-565.1999999999958,-582.1999999999982,-590.2000000000033,-603.2000000000043,-3408.100000000003
1873,610,-498.50000000000364,-553.2999999999989,-557.0999999999957,-535.4999999999951,-558.9,-561.9000000000036,-3265.199999999997
1874,538,-405.20000000000226,-467.9000000000007,-457.89999999999554,-454.29999999999785,-446.3000000000017,-461.6000000000025,-2693.2000000000007
1875,480,-374.80000000000285,-416.3000000000016,-426.79999999999916,-415.3000000000006,-407.1000000000031,-404.0000000000016,-2444.3000000000093
1876,696,-543.4000000000042,-632.4999999999997,-638.1999999999989,-631.6999999999991,-653.9000000000042,-653.2000000000058,-3752.900000000012
1877,659,-551.1000000000057,-584.3999999999979,-601.8999999999995,-591.2000000000016,-572.6000000000023,-584.4000000000045,-3485.6000000000117
1878,720,-598.4000000000021,-645.6999999999972,-680.800000000002,-635.6999999999961,-661.1000000000043,-686.3000000000059,-3908.000000000008
1879,641,-528.5000000000038,-598.0000000000015,-586.1999999999995,-589.5999999999995,-576.8000000000051,-607.5000000000058,-3486.6000000000154
1881,860,-718.5000000000047,-804.5000000000016,-834.4000000000058,-793.0999999999979,-820.9000000000085,-849.7000000000112,-4821.1000000000295
1882,501,-357.1000000000024,-411.9999999999991,-423.0,-423.79999999999995,-374.1999999999997,-404.8000000000025,-2394.9000000000037
1883,620,-484.7000000000044,-549.4999999999987,-565.0999999999992,-563.3000000000023,-554.1000000000053,-583.4000000000051,-3300.1000000000154
1884,735,-603.000000000005,-666.1999999999964,-685.8999999999985,-654.5999999999946,-695.2000000000033,-702.6999999999972,-4007.599999999995
1885,570,-445.50000000000455,-499.09999999999684,-515.5999999999975,-503.499999999999,-493.50000000000165,-491.4000000000026,-2948.600000000002
1886,605,-490.50000000000347,-532.3999999999971,-539.6999999999964,-527.199999999997,-534.0000000000014,-533.0000000000043,-3156.7999999999993
1887,465,-351.20000000000283,-408.6000000000038,-395.3999999999986,-389.99999999999966,-353.8000000000008,-390.50000000000153,-2289.5000000000073
1888,718,-623.0000000000059,-654.1000000000006,-682.2000000000045,-634.6999999999977,-665.7000000000039,-641.7000000000077,-3901.40000000002
1889,571,-439.9000000000029,-500.39999999999907,-516.1999999999982,-494.39999999999554,-486.0000000000012,-495.20000000000306,-2932.1
1891,613,-508.800000000004,-554.7999999999987,-561.8999999999982,-540.1999999999938,-543.4000000000016,-573.5000000000045,-3282.600000000001
1892,578,-464.4000000000028,-510.8999999999977,-525.4999999999962,-518.4999999999965,-517.5000000000014,-523.0000000000024,-3059.799999999997
1893,618,-488.8000000000049,-565.7000000000045,-566.7000000000031,-561.7000000000018,-537.900000000004,-552.9000000000063,-3273.700000000025
1894,673,-582.300000000006,-610.1999999999969,-625.2999999999968,-603.7999999999996,-622.6000000000021,-635.7000000000032,-3679.900000000004
1895,627,-503.90000000000464,-574.4000000000002,-570.7999999999964,-552.7999999999994,-539.2000000000032,-564.7000000000041,-3305.8000000000084
1896,568,-445.3000000000034,-523.1000000000034,-515.1000000000021,-484.4999999999976,-500.7000000000033,-525.0000000000038,-2993.700000000014
1897,590,-437.10000000000264,-515.0999999999991,-526.6000000000013,-522.3000000000004,-503.30000000000285,-521.0000000000047,-3025.4000000000106
1898,630,-522.7000000000049,-577.4999999999995,-598.2,-548.8999999999957,-562.9000000000015,-569.5000000000009,-3379.7000000000025
1899,645,-513.8000000000043,-579.9999999999987,-592.5000000000008,-570.7999999999975,-581.8000000000008,-598.8000000000045,-3437.700000000006
1901,527,-403.8000000000032,-454.8000000000003,-476.20000000000044,-453.5999999999993,-444.0000000000006,-462.8000000000029,-2695.2000000000066
1902,635,-478.80000000000246,-567.3999999999974,-579.1999999999975,-575.9999999999991,-575.6000000000017,-591.6000000000049,-3368.600000000003
1903,644,-512.2000000000046,-600.700000000003,-607.5000000000017,-574.2999999999989,-566.500000000001,-578.4000000000049,-3439.600000000014
1904,894,-812.6000000000037,-866.3000000000009,-853.9999999999978,-821.0999999999973,-876.7000000000096,-886.2000000000063,-5116.900000000015
1905,575,-467.90000000000225,-525.7999999999987,-516.7999999999984,-516.599999999996,-497.00000000000233,-538.1000000000042,-3062.2000000000016
1906,633,-500.40000000000344,-564.1999999999985,-575.1000000000007,-561.7999999999995,-594.0000000000031,-592.6000000000054,-3388.1000000000104
1907,757,-636.100000000006,-688.9999999999986,-695.5,-714.0000000000005,-710.4000000000052,-734.1000000000048,-4179.100000000015
1908,792,-662.7000000000022,-718.1000000000008,-772.8000000000075,-722.8999999999997,-779.7000000000078,-754.8000000000101,-4411.000000000028
1909,728,-613.7000000000069,-673.9000000000009,-693.2000000000033,-631.2999999999943,-683.9000000000054,-692.9000000000078,-3988.9000000000187
1911,803,-676.8000000000046,-745.3999999999992,-764.3000000000025,-763.800000000002,-770.400000000006,-777.6000000000032,-4498.3000000000175
1912,633,-528.8000000000034,-565.7999999999973,-600.2000000000006,-560.1999999999982,-558.799999999999,-579.5000000000053,-3393.3000000000047
1913,714,-610.0000000000041,-666.9000000000004,-672.3000000000015,-650.4999999999973,-696.500000000006,-683.9000000000049,-3980.100000000014
1914,510,-384.20000000000226,-434.70000000000084,-440.09999999999775,-422.099999999998,-424.30000000000257,-426.6000000000022,-2532.0000000000036
1915,715,-612.8000000000048,-671.2000000000031,-670.4000000000018,-629.5999999999968,-640.0000000000032,-679.400000000008,-3903.400000000018
1916,744,-630.0000000000039,-686.900000000002,-698.5,-674.6999999999969,-709.300000000007,-720.400000000006,-4119.800000000016
1917,851,-731.2000000000033,-795.1999999999991,-811.4000000000026,-811.6000000000051,-813.000000000006,-837.7000000000062,-4800.100000000022
1918,580,-466.50000000000415,-503.4999999999993,-509.9999999999986,-509.3000000000007,-501.10000000000093,-506.4000000000045,-2996.8000000000084
1919,666,-525.9000000000018,-595.8999999999975,-620.0999999999988,-600.499999999996,-585.6999999999987,-602.8999999999995,-3530.9999999999927
1921,709,-618.2000000000057,-642.3999999999977,-638.0999999999954,-675.800000000004,-646.8000000000051,-674.0000000000088,-3895.3000000000166
1922,606,-482.000000000003,-545.5000000000002,-552.8999999999997,-542.5,-540.5000000000015,-521.3000000000028,-3184.700000000007
1923,716,-603.000000000006,-651.3000000000023,-680.800000000005,-665.3000000000046,-650.5000000000056,-664.6000000000084,-3915.500000000032
1924,633,-490.20000000000226,-548.7999999999957,-572.4999999999995,-567.8000000000018,-563.2000000000048,-588.8000000000043,-3331.3000000000084
1925,638,-509.10000000000497,-561.8999999999987,-575.2999999999979,-553.6999999999953,-571.9000000000038,-596.4000000000037,-3368.3000000000043
1926,617,-488.0000000000037,-550.799999999999,-574.7000000000015,-530.1999999999967,-550.4000000000038,-556.700000000001,-3250.8000000000056
1927,537,-414.00000000000284,-460.5999999999984,-464.69999999999936,-459.79999999999814,-449.20000000000226,-477.5000000000031,-2725.8000000000043
1928,538,-401.1000000000034,-467.4999999999994,-471.1999999999989,-463.0999999999998,-461.5000000000018,-473.100000000002,-2737.5000000000055
1929,732,-586.5999999999993,-665.2999999999992,-690.300000000003,-675.5000000000003,-688.5000000000039,-686.9000000000023,-3993.1000000000085
1931,476,-378.90000000000316,-429.30000000000143,-439.0000000000011,-422.8999999999995,-412.900000000001,-414.9000000000026,-2497.9000000000087
1932,527,-426.10000000000355,-464.0000000000016,-461.69999999999993,-443.59999999999826,-426.800000000001,-449.50000000000375,-2671.700000000008
1933,683,-556.7000000000043,-630.8000000000021,-634.400000000003,-615.4000000000017,-635.600000000005,-647.2000000000066,-3720.1000000000226
1934,559,-442.4000000000045,-507.60000000000105,-516.8000000000003,-494.2,-481.800000000001,-490.50000000000296,-2933.30000000001
1935,927,-794.900000000002,-898.0000000000033,-901.9000000000008,-903.0000000000039,-915.4000000000104,-934.0000000000093,-5347.20000000003
1936,829,-689.5000000000019,-801.2000000000046,-787.2000000000036,-777.2000000000041,-797.0000000000114,-822.1000000000096,-4674.200000000035
1937,535,-419.60000000000235,-468.6000000000001,-455.7999999999977,-475.4000000000008,-457.000000000003,-468.80000000000445,-2745.200000000008
1938,612,-514.1000000000045,-545.2999999999963,-558.6999999999953,-543.0999999999988,-556.3000000000017,-587.800000000004,-3305.3
1939,581,-464.000000000003,-519.9999999999985,-513.2999999999971,-519.6000000000006,-503.20000000000107,-510.5000000000039,-3030.6000000000045
1941,487,-360.20000000000266,-427.8000000000015,-427.39999999999816,-415.99999999999983,-425.6000000000022,-428.8000000000012,-2485.8000000000056
1942,806,-685.7000000000023,-762.1000000000007,-774.1000000000014,-783.9000000000059,-768.9000000000069,-776.3000000000061,-4551.000000000024
1943,563,-424.30000000000337,-479.79999999999706,-496.2999999999964,-501.9999999999981,-473.80000000000086,-476.0000000000034,-2852.199999999999
1944,612,-487.0000000000026,-541.1000000000001,-565.3999999999987,-537.499999999995,-560.500000000003,-558.8000000000042,-3250.3000000000034
1945,755,-648.3000000000063,-725.6000000000016,-730.9000000000051,-697.799999999998,-721.6000000000098,-722.200000000007,-4246.400000000028
1946,657,-532.8000000000035,-583.3999999999937,-597.3999999999967,-602.5999999999962,-591.7999999999998,-592.5000000000013,-3500.499999999991
1947,833,-694.4000000000051,-787.4000000000005,-782.9000000000004,-776.5999999999975,-808.8000000000096,-822.7000000000112,-4672.800000000025
1948,506,-398.60000000000355,-419.4999999999975,-448.79999999999876,-441.10000000000036,-417.100000000002,-433.3000000000043,-2558.4000000000065
1949,819,-726.8000000000086,-772.8000000000018,-772.4999999999986,-777.8000000000035,-790.0000000000091,-801.6000000000106,-4641.500000000032
1951,574,-453.0000000000021,-499.29999999999797,-495.89999999999606,-501.0999999999974,-494.50000000000233,-528.4000000000035,-2972.2
1952,603,-480.4000000000034,-558.0000000000028,-551.4999999999994,-522.3999999999967,-536.6000000000033,-524.6000000000038,-3173.500000000009
1953,704,-595.300000000007,-636.899999999999,-672.8000000000027,-646.3000000000003,-628.5000000000011,-654.000000000005,-3833.800000000015
1954,612,-484.40000000000396,-547.4999999999993,-548.2000000000007,-537.8999999999993,-542.3000000000033,-547.3000000000063,-3207.600000000013
1955,549,-422.20000000000357,-489.4000000000009,-503.00000000000387,-477.20000000000056,-468.2000000000012,-483.9000000000041,-2843.900000000014
1956,672,-525.4000000000046,-611.9000000000011,-603.4999999999973,-606.9000000000011,-623.700000000008,-645.6000000000078,-3617.0000000000196
1957,707,-602.600000000004,-690.4000000000019,-668.1000000000004,-658.9999999999986,-668.0000000000077,-695.1000000000072,-3983.20000000002
1958,623,-497.70000000000323,-557.7999999999968,-583.9000000000021,-540.999999999997,-559.6000000000023,-583.8000000000043,-3323.8000000000056
1959,789,-668.0000000000028,-724.7999999999947,-747.5999999999984,-773.0000000000022,-741.6000000000054,-758.9000000000044,-4413.900000000008
1961,571,-460.50000000000455,-497.9999999999991,-522.600000000003,-491.9999999999988,-478.20000000000147,-506.70000000000476,-2958.000000000012
1962,667,-540.1000000000041,-595.9999999999993,-605.4000000000016,-594.5999999999999,-615.000000000005,-590.2000000000052,-3541.300000000015
1963,692,-567.0000000000036,-620.2999999999979,-651.7000000000012,-644.9000000000004,-662.3000000000039,-658.9000000000058,-3805.100000000013
1964,599,-474.9000000000027,-527.1999999999981,-536.9999999999976,-539.4000000000021,-532.000000000003,-554.6000000000053,-3165.100000000009
1965,710,-568.9000000000001,-668.9000000000038,-666.8000000000003,-651.2999999999964,-647.5000000000034,-663.8000000000036,-3867.200000000008
1966,514,-415.80000000000337,-446.9000000000006,-457.3000000000004,-440.8999999999987,-439.30000000000183,-438.40000000000407,-2638.600000000009
1967,688,-544.4000000000037,-610.8999999999947,-662.3000000000018,-639.2999999999985,-662.5000000000039,-653.200000000004,-3772.6000000000063
1968,467,-356.9000000000023,-401.6000000000005,-421.2000000000005,-408.40000000000026,-385.40000000000043,-382.2000000000041,-2355.700000000008
1969,1033,-966.1000000000116,-1005.4000000000075,-1017.1000000000089,-986.200000000003,-1012.0000000000156,-1063.200000000013,-6050.00000000006
1971,721,-595.4000000000052,-673.7999999999985,-658.5999999999973,-642.7999999999969,-655.4000000000025,-668.2000000000063,-3894.2000000000066
1972,604,-460.70000000000323,-538.4999999999968,-553.4,-539.4999999999986,-544.9000000000026,-558.3000000000043,-3195.300000000005
1973,883,-720.1000000000071,-833.0000000000001,-857.1000000000058,-824.3999999999976,-873.6000000000093,-864.5000000000038,-4972.7000000000235
1974,647,-541.7000000000043,-582.5999999999985,-620.2000000000018,-593.3999999999991,-575.8000000000029,-592.5000000000003,-3506.200000000007
1975,703,-634.3000000000044,-657.8000000000015,-661.4999999999997,-639.1999999999956,-644.2000000000036,-669.3000000000053,-3906.3000000000097
1976,792,-674.0000000000034,-738.2999999999988,-758.5999999999984,-739.9000000000034,-780.3000000000086,-791.6000000000105,-4482.700000000023
1977,814,-668.8000000000001,-750.6999999999985,-802.000000000007,-730.2999999999964,-783.1000000000074,-785.2000000000079,-4520.100000000018
1978,577,-446.20000000000203,-515.3999999999994,-524.6999999999997,-496.99999999999744,-513.8000000000014,-501.30000000000445,-2998.400000000004
1979,772,-637.9000000000055,-712.5000000000006,-738.0000000000045,-705.3000000000005,-725.5000000000064,-756.0000000000069,-4275.200000000024
1981,541,-441.1000000000036,-487.399999999998,-479.29999999999757,-481.59999999999764,-482.39999999999907,-498.10000000000196,-2869.899999999998
1982,747,-596.7999999999995,-682.5999999999976,-697.6000000000004,-662.1999999999962,-695.6000000000033,-696.5000000000034,-4031.3
1983,973,-906.2000000000095,-936.2000000000043,-921.8000000000006,-952.8000000000047,-953.4000000000124,-986.9000000000158,-5657.3000000000475
1984,847,-692.6000000000034,-796.200000000003,-812.1000000000058,-818.4000000000055,-824.0000000000098,-841.9000000000096,-4785.200000000037
1985,669,-533.8000000000052,-602.6000000000003,-596.699999999999,-613.200000000004,-626.4000000000061,-620.9000000000013,-3593.600000000016
1986,568,-432.40000000000265,-487.8999999999969,-499.7999999999955,-504.69999999999953,-489.9000000000036,-516.8000000000043,-2931.5000000000023
1987,528,-388.80000000000217,-453.30000000000047,-469.2999999999996,-448.09999999999883,-414.9000000000011,-423.8000000000047,-2598.200000000007
1988,623,-513.6000000000032,-565.3999999999995,-582.4,-549.7999999999967,-568.4000000000036,-572.1000000000053,-3351.7000000000085
1989,662,-540.2000000000035,-597.1000000000006,-589.7999999999967,-575.0999999999941,-584.300000000001,-619.0000000000036,-3505.4999999999995
1991,525,-403.70000000000226,-470.20000000000203,-480.30000000000445,-460.80000000000126,-448.6000000000027,-469.40000000000305,-2733.0000000000155
1992,896,-778.3000000000092,-826.7000000000003,-854.4000000000018,-855.900000000007,-857.3000000000094,-871.000000000013,-5043.60000000004
1993,756,-654.1000000000063,-688.2999999999979,-711.0000000000027,-687.0999999999964,-713.3000000000061,-739.3000000000047,-4193.100000000014
1994,626,-492.30000000000405,-561.2999999999985,-562.3999999999977,-538.8999999999957,-564.2999999999998,-572.1000000000034,-3291.2999999999993
1995,540,-430.9000000000017,-488.89999999999696,-500.90000000000055,-488.7000000000008,-487.900000000002,-488.9000000000039,-2886.2000000000057
1996,791,-714.4000000000028,-750.400000000004,-752.3000000000031,-758.0000000000056,-747.2000000000077,-771.30000000001,-4493.600000000033
1997,649,-512.8000000000036,-573.9999999999994,-598.2000000000002,-565.5999999999964,-565.200000000001,-576.900000000006,-3392.700000000006
1998,462,-372.8000000000038,-398.7000000000002,-396.80000000000075,-397.10000000000025,-367.90000000000254,-387.5000000000023,-2320.80000000001
1999,500,-365.4000000000032,-411.6999999999989,-432.30000000000064,-414.29999999999893,-390.8999999999995,-422.70000000000323,-2437.3000000000047
